0.02166748
0.01486206
-0.02166748
0.01965332
0.01385498
-0.01663208
-0.01864624
0.01538086
0.0256958
-0.04336548
0.01132202
0.037323
-0.04135132
0.0007324219
0.01132202
0.01763916
-0.0206604
-0.01663208
0.05950928
-0.04940796
-0.01538086
0.05142212
-0.05142212
0.00982666
0.04135132
-0.001251221
-0.04537964
-0.0078125
0.06655884
-0.04940796
-0.01437378
0.05142212
-0.03933716
0.01031494
0.00982666
-0.00881958
0.02166748
-0.02874756
0.0267334
0.00881958
-0.04537964
0.02368164
0.01763916
-0.02874756
0.02468872
0.009307861
-0.0473938
0.0256958
0.01864624
-0.01538086
0.0128479
-0.0256958
0.03076172
-0.0267334
-0.02267456
0.09481812
-0.074646
-0.006286621
0.06152344
-0.07867432
0.00982666
0.0256958
-0.008300781
0.03530884
-0.05548096
-0.037323
0.1230774
-0.0317688
-0.06655884
0.06655884
-0.0473938
-0.009307861
0.02874756
-0.00982666
0.02874756
-0.0534668
-0.01663208
0.08673096
-0.04336548
-0.01437378
0.06152344
-0.074646
0.02166748
0.04537964
-0.05749512
0.05950928
-0.02166748
-0.04336548
0.04336548
-0.02166748
0.037323
0.002746582
-0.0534668
0.01965332
-0.0002441406
0.01763916
0.0267334
-0.04537964
-0.02267456
0.01486206
0.01965332
-0.0002441406
-0.0078125
-0.003753662
-0.02468872
0.00680542
0.01437378
0.0002441406
0.008300781
-0.0007324219
-0.02975464
-0.0317688
0.05142212
0.0473938
-0.05142212
-0.003753662
-0.01132202
-0.001251221
0.04940796
-0.0317688
0.003265381
-0.02166748
-0.01763916
0.074646
-0.0534668
-0.02166748
0.06152344
-0.04336548
0.00680542
0.00982666
0.0123291
0.01184082
-0.04537964
0.01538086
0.001251221
0.00579834
0.04537964
-0.0206604
-0.0267334
0.01864624
0.01663208
0.02267456
-0.0317688
-0.003265381
0.03326416
-0.04336548
0.01763916
0.0133667
-0.0473938
0.037323
-0.01538086
-0.01083374
0.05749512
-0.04135132
-0.003753662
-0.001251221
-0.0206604
0.02267456
-0.003265381
-0.01031494
-0.01538086
-0.0133667
0.02166748
0.01663208
-0.02267456
0.0133667
-0.001251221
-0.02368164
0.02975464
0.01486206
-0.01184082
-0.002258301
-0.0256958
0.03933716
0.02166748
-0.06655884
0.03326416
0.01763916
-0.03933716
0.04336548
0.01083374
-0.03326416
0.00881958
-0.01031494
0.005279541
-0.003265381
0.01132202
0.01031494
-0.04940796
0.0128479
0.01864624
-0.0007324219
-0.009307861
-0.003265381
0.01184082
-0.02975464
0.01864624
0.01538086
-0.0267334
0.0128479
-0.00479126
0.0128479
0.0128479
-0.01083374
0.01538086
-0.0123291
0.01663208
0.01965332
-0.0256958
0.004272461
-0.01763916
0.02267456
0.02468872
-0.01965332
0.01385498
-0.01486206
0.009307861
0.0002441406
-0.02166748
0.02468872
-0.003265381
-0.003753662
-0.01663208
-0.01663208
0.02166748
-0.00579834
-0.00982666
-0.01031494
0.008300781
0.01437378
-0.01965332
-0.003753662
-0.0007324219
-0.005279541
0.0206604
-0.0133667
-0.009307861
-0.0007324219
-0.00579834
0.01965332
-0.01538086
-0.005279541
0.01486206
0.003753662
-0.004272461
-0.008300781
0.01663208
0.01132202
-0.01083374
0.00982666
-0.004272461
0.003753662
0.01538086
-0.00881958
0.01031494
0.00579834
-0.007293701
0.00479126
-0.01132202
-0.00982666
0.0317688
-0.0078125
-0.01437378
0.00579834
-0.01437378
0.01763916
0.004272461
-0.0133667
0.01663208
-0.01486206
-0.02468872
0.01864624
0.003265381
-0.0007324219
0.005279541
-0.01663208
-0.009307861
0.0002441406
0.01031494
0.01083374
-0.007293701
-0.005279541
-0.0078125
-0.003265381
0.009307861
0.01031494
0.00479126
-0.01763916
-0.001739502
0.01031494
-0.0007324219
0.00479126
-0.003753662
0.001251221
0.0007324219
-0.007293701
0.006286621
0.0007324219
-0.007293701
0.00680542
-0.00479126
0.0002441406
0.01663208
-0.01083374
-0.0078125
0.0002441406
0.003265381
0.007293701
0.003753662
-0.00680542
-0.001251221
0.01965332
0.003234863
-0.0118103
-0.006256104
-0.005279541
-0.002227783
0.005218506
0.006195068
-0.007781982
-0.02456665
0.003662109
0.002105713
-0.01531982
0.005523682
-0.001831055
-0.007720947
-0.0078125
-0.003814697
3.051758E-05
0.005096436
0.006011963
-0.006713867
-0.002807617
-0.0004882813
0.01550293
0.008636475
-0.006713867
0.01077271
0.001586914
0.01092529
0.02630615
0.006835938
0.01739502
0.008911133
-0.002868652
0.01611328
0.01589966
0.01184082
3.051758E-05
-0.001403809
0.009613037
0.005889893
-0.001708984
-0.002319336
-0.003936768
-0.0166626
-0.01745605
-0.0005187988
-0.01391602
-0.0279541
-0.01431274
-0.03085327
-0.03149414
-0.01559448
-0.03060913
-0.02294922
-0.02746582
-0.0350647
-0.015625
-0.0128479
-0.007507324
-0.001220703
-0.01083374
0.002166748
0.01797485
0.02005005
0.02523804
0.0256958
0.02932739
0.04067993
0.05041504
0.0491333
0.04724121
0.0541687
0.05038452
0.04406738
0.05142212
0.05111694
0.03088379
0.02813721
0.02285767
0.01223755
0.01086426
-0.005126953
-0.02514648
-0.03265381
-0.03659058
-0.04885864
-0.0663147
-0.07092285
-0.07339478
-0.09060669
-0.09054565
-0.08688354
-0.09231567
-0.08959961
-0.08236694
-0.08242798
-0.07040405
-0.04974365
-0.04800415
-0.03048706
-0.01467896
0.004821777
0.0241394
0.03585815
0.06008911
0.07183838
0.08856201
0.1063538
0.1117859
0.1239014
0.1297607
0.1329346
0.1390991
0.1340942
0.1324768
0.1214905
0.1082458
0.1025696
0.08007813
0.06277466
0.03894043
0.01132202
-0.01480103
-0.04098511
-0.06411743
-0.07495117
-0.09829712
-0.1358337
-0.1585388
-0.1474304
-0.1562805
-0.1918335
-0.1829224
-0.1761169
-0.1921692
-0.1628418
-0.1458435
-0.1518555
-0.1365662
-0.09677124
-0.0803833
-0.05380249
-0.01553345
-0.0007629395
0.01834106
0.0614624
0.09985352
0.115509
0.1366577
0.1680603
0.1760864
0.1914978
0.2225952
0.2226563
0.2070618
0.2148438
0.2148438
0.2070007
0.1992188
0.1733704
0.1491699
0.118927
0.1028137
0.07458496
0.02468872
-0.00881958
-0.0614624
-0.07861328
-0.07861328
-0.1411133
-0.1975708
-0.1894836
-0.1975708
-0.2378845
-0.2459412
-0.2378845
-0.2661133
-0.2661133
-0.2298279
-0.2378845
-0.2217407
-0.1733704
-0.1733704
-0.1572266
-0.0987854
-0.0413208
-0.03527832
-0.02166748
0.05541992
0.09069824
0.1108704
0.1572266
0.1653137
0.1894836
0.2378845
0.2459412
0.2459412
0.2661133
0.2822266
0.2661133
0.2539978
0.2661133
0.2459412
0.2136841
0.1975708
0.1653137
0.1330566
0.1028137
0.0513916
-0.007781982
-0.0413208
-0.06347656
-0.09069824
-0.1330566
-0.1975708
-0.2378845
-0.2056274
-0.2298279
-0.2983704
-0.2822266
-0.2822266
-0.2983704
-0.2822266
-0.2661133
-0.2661133
-0.2459412
-0.2056274
-0.1975708
-0.1653137
-0.106842
-0.07861328
-0.04333496
-0.008300781
0.03326416
0.08666992
0.1330566
0.1491699
0.1653137
0.2136841
0.2459412
0.2661133
0.2822266
0.2661133
0.2822266
0.2983704
0.2822266
0.2822266
0.2539978
0.2459412
0.2217407
0.1894836
0.1733704
0.1411133
0.0826416
0.04534912
0.003265381
-0.04736328
-0.1108704
-0.1330566
-0.1148987
-0.181427
-0.2983704
-0.2661133
-0.2136841
-0.2822266
-0.3144836
-0.2983704
-0.3144836
-0.2822266
-0.2298279
-0.2661133
-0.2822266
-0.1975708
-0.1653137
-0.1653137
-0.1148987
-0.05541992
-0.0513916
-0.01486206
0.06347656
0.08666992
0.1108704
0.181427
0.181427
0.181427
0.2661133
0.2822266
0.2539978
0.2661133
0.2983704
0.2822266
0.2822266
0.2822266
0.2459412
0.2298279
0.2298279
0.2056274
0.1491699
0.1330566
0.106842
0.04333496
0.008300781
-0.01965332
-0.09069824
-0.1653137
-0.1653137
-0.1269836
-0.1894836
-0.3144836
-0.2983704
-0.2217407
-0.2661133
-0.3144836
-0.2983704
-0.2983704
-0.2822266
-0.2136841
-0.2217407
-0.2459412
-0.181427
-0.1269836
-0.1330566
-0.09069824
-0.01132202
-0.002258301
-0.0002441406
0.07861328
0.1269836
0.1411133
0.1975708
0.1975708
0.1894836
0.2661133
0.2983704
0.2661133
0.2539978
0.2822266
0.2822266
0.2661133
0.2661133
0.2378845
0.2056274
0.1975708
0.181427
0.1330566
0.1028137
0.07861328
0.01965332
-0.0256958
-0.03930664
-0.1028137
-0.1975708
-0.2056274
-0.1411133
-0.181427
-0.3467407
-0.3467407
-0.2056274
-0.2459412
-0.3306274
-0.2983704
-0.2822266
-0.2661133
-0.1975708
-0.1975708
-0.2378845
-0.1653137
-0.0826416
-0.106842
-0.08666992
0.01965332
0.03527832
0.01535034
0.09472656
0.1491699
0.1653137
0.2056274
0.2136841
0.1894836
0.2661133
0.3144836
0.2661133
0.2298279
0.2822266
0.2822266
0.2539978
0.2539978
0.2217407
0.181427
0.1733704
0.1653137
0.1148987
0.07458496
0.06652832
0.006774902
-0.04937744
-0.05541992
-0.1028137
-0.2056274
-0.2459412
-0.1653137
-0.1572266
-0.3144836
-0.3789978
-0.2539978
-0.2136841
-0.2822266
-0.2983704
-0.2822266
-0.2661133
-0.1894836
-0.1572266
-0.2056274
-0.1653137
-0.06652832
-0.06652832
-0.07055664
0.01763916
0.07055664
0.04937744
0.08666992
0.1491699
0.1733704
0.2217407
0.2298279
0.1894836
0.2298279
0.3144836
0.2822266
0.2298279
0.2378845
0.2661133
0.2378845
0.2298279
0.2136841
0.1653137
0.1572266
0.1491699
0.0987854
0.06652832
0.05340576
0.0007324219
-0.05743408
-0.07458496
-0.1028137
-0.181427
-0.2661133
-0.2217407
-0.1491699
-0.2378845
-0.3951416
-0.3144836
-0.1894836
-0.2459412
-0.2983704
-0.2661133
-0.2539978
-0.1975708
-0.1229553
-0.1733704
-0.1733704
-0.06652832
-0.02468872
-0.0513916
0.004760742
0.08666992
0.07458496
0.07861328
0.1572266
0.181427
0.2056274
0.2459412
0.2056274
0.1975708
0.2983704
0.2983704
0.2217407
0.2136841
0.2459412
0.2378845
0.2217407
0.2056274
0.1572266
0.1330566
0.1411133
0.1148987
0.05541992
0.03326416
0.01486206
-0.0513916
-0.07861328
-0.08666992
-0.1572266
-0.2459412
-0.2661133
-0.1894836
-0.1572266
-0.3144836
-0.4112549
-0.2539978
-0.1733704
-0.2661133
-0.2822266
-0.2459412
-0.2217407
-0.1491699
-0.1108704
-0.1491699
-0.118927
-0.0206604
-0.01333618
-0.02368164
0.06652832
0.118927
0.07861328
0.106842
0.181427
0.2056274
0.2298279
0.2378845
0.181427
0.2136841
0.3144836
0.2822266
0.1975708
0.2056274
0.2217407
0.2136841
0.1975708
0.1733704
0.1269836
0.1108704
0.118927
0.07861328
0.03326416
0.02770996
-0.01663208
-0.0826416
-0.07861328
-0.1028137
-0.1733704
-0.2539978
-0.2822266
-0.1975708
-0.1330566
-0.2983704
-0.4112549
-0.2459412
-0.1491699
-0.2378845
-0.2661133
-0.2298279
-0.2056274
-0.1148987
-0.07055664
-0.1330566
-0.106842
0.01031494
0.01132202
-0.0128479
0.0826416
0.1411133
0.09069824
0.106842
0.181427
0.2056274
0.2378845
0.2298279
0.1653137
0.1975708
0.2983704
0.2661133
0.181427
0.1733704
0.2056274
0.1975708
0.181427
0.1653137
0.106842
0.09069824
0.1028137
0.06652832
0.0256958
0.01763916
-0.0256958
-0.0826416
-0.08666992
-0.0987854
-0.1733704
-0.2378845
-0.2983704
-0.2378845
-0.1269836
-0.2217407
-0.4112549
-0.3144836
-0.1411133
-0.1894836
-0.2539978
-0.2298279
-0.2056274
-0.1330566
-0.0513916
-0.08666992
-0.106842
-0.004272461
0.03527832
-0.002258301
0.06652832
0.1572266
0.118927
0.09472656
0.1572266
0.2136841
0.2378845
0.2378845
0.1733704
0.1653137
0.2661133
0.2822266
0.1975708
0.1572266
0.1733704
0.1894836
0.181427
0.1572266
0.1108704
0.07861328
0.09069824
0.07458496
0.0307312
0.01586914
-0.00982666
-0.07458496
-0.09069824
-0.07861328
-0.1330566
-0.2056274
-0.2661133
-0.2983704
-0.1975708
-0.1028137
-0.2822266
-0.443512
-0.2459412
-0.0987854
-0.1975708
-0.2459412
-0.2056274
-0.1894836
-0.0987854
-0.01535034
-0.07861328
-0.08666992
0.02871704
0.04333496
0.01663208
0.1108704
0.1653137
0.1028137
0.1028137
0.181427
0.2217407
0.2378845
0.2217407
0.1411133
0.1653137
0.2822266
0.2661133
0.1653137
0.1411133
0.1733704
0.1733704
0.1653137
0.1411133
0.09069824
0.06347656
0.07458496
0.0614624
0.02468872
0.00982666
-0.02670288
-0.0826416
-0.0826416
-0.06652832
-0.1269836
-0.2056274
-0.2459412
-0.2822266
-0.2539978
-0.118927
-0.181427
-0.4112549
-0.3467407
-0.106842
-0.118927
-0.2298279
-0.2136841
-0.1733704
-0.118927
-0.01586914
-0.01586914
-0.07458496
-0.01965332
0.06652832
0.0513916
0.07458496
0.1653137
0.1411133
0.08666992
0.1411133
0.2136841
0.2298279
0.2217407
0.1733704
0.1330566
0.2136841
0.2822266
0.2136841
0.1269836
0.1330566
0.1572266
0.1653137
0.1491699
0.1028137
0.0513916
0.0513916
0.06652832
0.03527832
0.00881958
-0.006286621
-0.0614624
-0.09069824
-0.06652832
-0.07861328
-0.1491699
-0.2056274
-0.2378845
-0.2822266
-0.2539978
-0.1229553
-0.1733704
-0.3789978
-0.3306274
-0.1108704
-0.1148987
-0.1975708
-0.181427
-0.1733704
-0.1269836
0.00881958
0.01535034
-0.06347656
-0.0128479
0.06652832
0.0614624
0.09472656
0.1653137
0.1330566
0.08666992
0.1491699
0.2136841
0.2217407
0.2217407
0.1733704
0.1229553
0.1975708
0.2661133
0.2056274
0.1229553
0.1229553
0.1330566
0.1411133
0.1491699
0.1028137
0.03930664
0.0307312
0.05743408
0.03930664
0.0123291
-0.006774902
-0.05743408
-0.08666992
-0.0513916
-0.0513916
-0.118927
-0.1733704
-0.2056274
-0.2298279
-0.2539978
-0.2298279
-0.1411133
-0.1894836
-0.3467407
-0.2983704
-0.09069824
-0.0987854
-0.1894836
-0.1733704
-0.1411133
-0.07861328
0.02670288
0.008300781
-0.06652832
0.002746582
0.0987854
0.07458496
0.07861328
0.1491699
0.1330566
0.0987854
0.1491699
0.1975708
0.1975708
0.2056274
0.1572266
0.118927
0.1894836
0.2459412
0.181427
0.1028137
0.106842
0.1330566
0.1411133
0.1229553
0.07861328
0.03729248
0.0413208
0.05340576
0.02267456
0.004272461
-0.001739502
-0.0413208
-0.06652832
-0.0513916
-0.04736328
-0.09069824
-0.1330566
-0.1653137
-0.181427
-0.1975708
-0.2539978
-0.2661133
-0.1330566
-0.1411133
-0.3144836
-0.2983704
-0.106842
-0.07861328
-0.1491699
-0.1653137
-0.1330566
-0.06347656
0.02972412
0.009307861
-0.05340576
0.01031494
0.1028137
0.08666992
0.06347656
0.1269836
0.1572266
0.1269836
0.1269836
0.1572266
0.2056274
0.2298279
0.1653137
0.1028137
0.1653137
0.2298279
0.1975708
0.1148987
0.0826416
0.1229553
0.1491699
0.118927
0.07055664
0.03729248
0.04736328
0.04534912
0.0123291
0.003265381
0.005767822
-0.0256958
-0.0614624
-0.05541992
-0.04333496
-0.06652832
-0.1028137
-0.1330566
-0.1572266
-0.1653137
-0.1975708
-0.2661133
-0.2459412
-0.0987854
-0.1411133
-0.3306274
-0.2661133
-0.0826416
-0.1028137
-0.1491699
-0.1330566
-0.1330566
-0.07055664
0.03326416
0.005767822
-0.04937744
0.03527832
0.106842
0.05541992
0.06652832
0.1572266
0.1491699
0.1108704
0.1411133
0.1572266
0.1894836
0.2217407
0.1572266
0.0987854
0.1653137
0.2298279
0.1733704
0.1028137
0.0987854
0.118927
0.1148987
0.1148987
0.07458496
0.02871704
0.03527832
0.03729248
0.0007324219
0.002258301
0.01486206
-0.02871704
-0.06652832
-0.03527832
-0.02267456
-0.05541992
-0.07861328
-0.0987854
-0.118927
-0.118927
-0.1411133
-0.2056274
-0.2822266
-0.2298279
-0.07861328
-0.1269836
-0.3306274
-0.2661133
-0.08666992
-0.09069824
-0.1491699
-0.1330566
-0.1330566
-0.07458496
0.02166748
-0.007781982
-0.04333496
0.04534912
0.09472656
0.0413208
0.05944824
0.1491699
0.1653137
0.1229553
0.1148987
0.1491699
0.2056274
0.2298279
0.1491699
0.1028137
0.1653137
0.2217407
0.181427
0.1108704
0.09472656
0.118927
0.118927
0.0987854
0.06652832
0.04937744
0.04736328
0.02368164
-0.004272461
0.007293701
0.02267456
-0.009307861
-0.05743408
-0.0513916
-0.01083374
-0.01763916
-0.06347656
-0.09069824
-0.09472656
-0.08666992
-0.106842
-0.1653137
-0.2136841
-0.2661133
-0.2056274
-0.09069824
-0.1491699
-0.3144836
-0.2539978
-0.1108704
-0.1028137
-0.1229553
-0.1411133
-0.1491699
-0.06347656
0.01434326
-0.01184082
-0.0206604
0.04333496
0.07055664
0.04736328
0.07861328
0.1411133
0.1572266
0.1330566
0.1108704
0.1411133
0.2136841
0.2298279
0.1491699
0.106842
0.1572266
0.2056274
0.181427
0.1229553
0.09472656
0.1028137
0.118927
0.106842
0.06652832
0.05340576
0.05340576
0.02368164
-0.0002441406
0.01965332
0.02972412
-0.001251221
-0.03930664
-0.0413208
-0.01184082
-0.002746582
-0.02972412
-0.06652832
-0.07458496
-0.06652832
-0.07458496
-0.1148987
-0.1653137
-0.1894836
-0.2459412
-0.2459412
-0.1269836
-0.118927
-0.2822266
-0.3144836
-0.1733704
-0.106842
-0.118927
-0.1411133
-0.1733704
-0.1269836
-0.0128479
0.01333618
-0.0206604
-0.001251221
0.04736328
0.0614624
0.07458496
0.1330566
0.1733704
0.1411133
0.106842
0.1491699
0.2217407
0.2378845
0.1894836
0.1330566
0.1330566
0.2056274
0.2217407
0.1572266
0.0987854
0.0987854
0.1148987
0.1148987
0.09069824
0.06652832
0.03729248
0.01763916
0.00982666
0.01184082
0.02368164
0.01083374
-0.04333496
-0.05944824
-0.01535034
0.004272461
-0.0206604
-0.05743408
-0.07458496
-0.0614624
-0.05340576
-0.07861328
-0.1330566
-0.1733704
-0.1733704
-0.2056274
-0.2378845
-0.1491699
-0.1411133
-0.2822266
-0.2822266
-0.1491699
-0.1269836
-0.1491699
-0.1411133
-0.1572266
-0.118927
-0.0256958
-0.002258301
-0.03326416
0.002258301
0.05541992
0.05340576
0.06652832
0.1330566
0.1733704
0.1411133
0.118927
0.1572266
0.2056274
0.2217407
0.1975708
0.1491699
0.1411133
0.1975708
0.1975708
0.1411133
0.1108704
0.1148987
0.106842
0.08666992
0.07861328
0.07458496
0.04736328
0.01663208
0.004760742
0.01083374
0.0256958
0.01333618
-0.02871704
-0.0413208
-0.01083374
0.0123291
0.001251221
-0.02468872
-0.0307312
-0.02468872
-0.02972412
-0.03729248
-0.05541992
-0.09069824
-0.1269836
-0.1491699
-0.181427
-0.2459412
-0.2298279
-0.1411133
-0.1975708
-0.3144836
-0.2459412
-0.1733704
-0.181427
-0.1572266
-0.1491699
-0.1733704
-0.1028137
-0.02368164
-0.0256958
-0.02368164
0.03326416
0.06652832
0.07055664
0.1229553
0.1733704
0.1572266
0.1572266
0.181427
0.1894836
0.2136841
0.2378845
0.1894836
0.1572266
0.181427
0.2056274
0.181427
0.1411133
0.1148987
0.0987854
0.0987854
0.106842
0.0826416
0.04736328
0.03729248
0.02972412
0.01031494
0.01385498
0.0206604
0.001739502
-0.0206604
-0.01864624
-0.005767822
0.0002441406
-0.005279541
-0.02368164
-0.04333496
-0.0413208
-0.0413208
-0.07458496
-0.106842
-0.1411133
-0.1733704
-0.2136841
-0.2661133
-0.2378845
-0.1491699
-0.2298279
-0.3467407
-0.2661133
-0.1733704
-0.1894836
-0.1894836
-0.1733704
-0.1653137
-0.0987854
-0.03527832
-0.0413208
-0.03729248
0.03326416
0.08666992
0.05743408
0.08666992
0.181427
0.181427
0.1491699
0.181427
0.2056274
0.2298279
0.2459412
0.2056274
0.1733704
0.1975708
0.2298279
0.1975708
0.1491699
0.1411133
0.1411133
0.1108704
0.0987854
0.08666992
0.05944824
0.0513916
0.0307312
-0.0002441406
0.0123291
0.02972412
0.004760742
-0.02871704
-0.02267456
0.006774902
0.0128479
-0.001251221
-0.01663208
-0.02166748
-0.0128479
-0.01586914
-0.0413208
-0.07055664
-0.09069824
-0.1148987
-0.1572266
-0.1975708
-0.2459412
-0.2661133
-0.2136841
-0.2136841
-0.2983704
-0.3144836
-0.2298279
-0.2217407
-0.2136841
-0.181427
-0.1653137
-0.1411133
-0.08666992
-0.05743408
-0.03527832
0.02267456
0.07458496
0.06652832
0.0614624
0.1572266
0.2056274
0.1733704
0.1733704
0.2056274
0.2298279
0.2539978
0.2298279
0.1975708
0.2056274
0.2136841
0.1975708
0.1572266
0.1411133
0.1411133
0.1108704
0.07861328
0.07861328
0.07055664
0.0513916
0.02972412
-0.0007324219
-0.004272461
0.01965332
0.01864624
-0.004760742
-0.01763916
-0.0002441406
0.01663208
0.0123291
0.01333618
0.01663208
0.01385498
0.007293701
-0.006286621
-0.01763916
-0.02468872
-0.05541992
-0.0987854
-0.1330566
-0.1572266
-0.1894836
-0.2661133
-0.2983704
-0.2217407
-0.2136841
-0.3306274
-0.3306274
-0.2661133
-0.2298279
-0.2056274
-0.1894836
-0.1894836
-0.1572266
-0.06652832
-0.0256958
-0.04736328
0.01083374
0.08666992
0.08666992
0.1028137
0.1491699
0.1894836
0.2217407
0.2056274
0.1894836
0.2298279
0.2661133
0.2539978
0.2056274
0.1733704
0.2056274
0.2136841
0.1653137
0.1269836
0.1028137
0.106842
0.1028137
0.05743408
0.03930664
0.04534912
0.02770996
0.005767822
-0.01083374
-0.003265381
0.01965332
0.007293701
-0.01864624
-0.01434326
0.01486206
0.0413208
0.0307312
0.009307861
0.01535034
0.03729248
0.0413208
0.01864624
-0.006774902
-0.01965332
-0.03930664
-0.0826416
-0.1108704
-0.1330566
-0.1733704
-0.2378845
-0.3144836
-0.2661133
-0.1894836
-0.2822266
-0.3789978
-0.3144836
-0.2459412
-0.2217407
-0.1975708
-0.2056274
-0.2136841
-0.1148987
-0.03326416
-0.04736328
-0.02670288
0.06652832
0.09472656
0.06652832
0.1330566
0.2056274
0.1975708
0.2136841
0.2217407
0.1894836
0.2378845
0.2983704
0.2378845
0.1733704
0.181427
0.2056274
0.181427
0.1330566
0.118927
0.09069824
0.07458496
0.07055664
0.04333496
0.01663208
0.02972412
0.01965332
-0.02770996
-0.02368164
0.01663208
0.01864624
-0.003753662
-0.01132202
0.004272461
0.0307312
0.05541992
0.05944824
0.03729248
0.0413208
0.07458496
0.07458496
0.05743408
0.04736328
0.03326416
-0.0002441406
-0.0307312
-0.05541992
-0.08666992
-0.1269836
-0.181427
-0.2298279
-0.2983704
-0.2983704
-0.2136841
-0.2822266
-0.3951416
-0.3467407
-0.2661133
-0.2661133
-0.2298279
-0.2217407
-0.2298279
-0.1572266
-0.07458496
-0.05340576
-0.02770996
0.0256958
0.07055664
0.09069824
0.1108704
0.181427
0.2136841
0.2056274
0.2136841
0.2217407
0.2298279
0.2661133
0.2459412
0.1975708
0.181427
0.1894836
0.181427
0.1491699
0.106842
0.09069824
0.07458496
0.05944824
0.04534912
0.01864624
0.006286621
0.007293701
-0.01184082
-0.0256958
-0.01184082
0.002746582
0.01031494
0.005767822
0.003753662
0.02871704
0.05743408
0.07458496
0.07861328
0.07458496
0.08666992
0.106842
0.106842
0.0987854
0.09069824
0.07055664
0.04733276
0.02566528
0.002319336
-0.03903198
-0.08578491
-0.1214905
-0.1710205
-0.210022
-0.260498
-0.3383789
-0.308136
-0.2639771
-0.3434448
-0.4021301
-0.3195496
-0.2966614
-0.2959595
-0.2459717
-0.2352905
-0.2225342
-0.1430359
-0.08584595
-0.07342529
-0.0380249
0.02471924
0.06472778
0.07165527
0.1096191
0.1645203
0.1634521
0.1691589
0.2147827
0.2182007
0.2188721
0.2305298
0.2176514
0.2025757
0.2199707
0.2105103
0.1774902
0.1506958
0.1496277
0.1412964
0.1153259
0.08721924
0.0737915
0.05554199
0.04470825
0.03610229
0.01187134
0.003936768
0.008575439
-0.0078125
-0.0194397
-0.007293701
0.006500244
0.01531982
0.01223755
0.009918213
0.03253174
0.05929565
0.07601929
0.0802002
0.07577515
0.08706665
0.1066895
0.1066284
0.09860229
0.09054565
0.07049561
0.04736328
0.0256958
0.002258301
-0.03930664
-0.08666992
-0.1229553
-0.1733704
-0.2136841
-0.2661133
-0.3467407
-0.3144836
-0.2661133
-0.3467407
-0.4112549
-0.3306274
-0.2983704
-0.2822266
-0.2298279
-0.2298279
-0.2136841
-0.1229553
-0.0513916
-0.02871704
0.0002441406
0.05944824
0.1108704
0.1148987
0.1491699
0.2136841
0.2056274
0.2056274
0.2378845
0.2217407
0.2298279
0.2459412
0.2136841
0.1733704
0.1653137
0.1653137
0.1491699
0.1028137
0.0826416
0.06652832
0.04534912
0.04333496
0.03173828
0.002746582
0.0002441406
0.004760742
-0.01385498
-0.005767822
0.01486206
0.01434326
0.01864624
0.02468872
0.03729248
0.0614624
0.0826416
0.09069824
0.09069824
0.09472656
0.1108704
0.1269836
0.1229553
0.1108704
0.0987854
0.08666992
0.06652832
0.04534912
0.01184082
-0.02468872
-0.05944824
-0.0987854
-0.1411133
-0.1733704
-0.2217407
-0.2661133
-0.3144836
-0.3467407
-0.2983704
-0.3144836
-0.3789978
-0.3628845
-0.2983704
-0.2661133
-0.2459412
-0.2217407
-0.1894836
-0.1330566
-0.07055664
-0.02871704
-0.01385498
0.03930664
0.1108704
0.118927
0.1148987
0.1572266
0.2056274
0.2136841
0.1894836
0.1733704
0.1975708
0.2217407
0.1975708
0.1572266
0.1330566
0.1411133
0.1491699
0.106842
0.06652832
0.05743408
0.05340576
0.04736328
0.01965332
0.004760742
0.01535034
0.01486206
0.0002441406
-0.007293701
0.006774902
0.03527832
0.0413208
0.02770996
0.03527832
0.06652832
0.09472656
0.1028137
0.09472656
0.1028137
0.1269836
0.1330566
0.1269836
0.118927
0.1229553
0.1269836
0.106842
0.07458496
0.0614624
0.05340576
0.02368164
-0.01864624
-0.05340576
-0.07861328
-0.0987854
-0.1330566
-0.181427
-0.2136841
-0.2378845
-0.2539978
-0.2983704
-0.3306274
-0.2983704
-0.2983704
-0.3306274
-0.3144836
-0.2661133
-0.2539978
-0.2136841
-0.181427
-0.1653137
-0.1148987
-0.05743408
-0.02972412
-0.01535034
0.02871704
0.08666992
0.1028137
0.106842
0.1330566
0.1491699
0.1653137
0.1733704
0.1491699
0.1491699
0.1733704
0.1653137
0.1411133
0.1148987
0.1108704
0.1229553
0.1108704
0.07458496
0.05944824
0.05743408
0.0614624
0.05340576
0.0307312
0.03173828
0.0413208
0.03930664
0.03527832
0.03173828
0.04736328
0.06652832
0.06347656
0.05944824
0.07055664
0.09069824
0.106842
0.0987854
0.0987854
0.106842
0.118927
0.1229553
0.106842
0.0987854
0.0987854
0.09472656
0.07861328
0.0614624
0.04937744
0.03527832
0.01031494
-0.01486206
-0.03326416
-0.0513916
-0.07458496
-0.1028137
-0.1330566
-0.1572266
-0.1733704
-0.1975708
-0.2217407
-0.2459412
-0.2822266
-0.2822266
-0.2539978
-0.2661133
-0.2822266
-0.2539978
-0.2298279
-0.2217407
-0.1975708
-0.1491699
-0.1229553
-0.1148987
-0.07458496
-0.04534912
-0.02267456
0.02670288
0.0513916
0.0413208
0.0614624
0.0987854
0.1148987
0.118927
0.1229553
0.1269836
0.1269836
0.1411133
0.1572266
0.1411133
0.1269836
0.1269836
0.1269836
0.118927
0.1148987
0.1028137
0.0826416
0.07861328
0.07458496
0.06652832
0.07055664
0.06347656
0.04534912
0.03527832
0.03930664
0.05340576
0.05541992
0.04937744
0.04534912
0.04333496
0.05743408
0.07458496
0.07458496
0.07055664
0.07458496
0.0826416
0.08666992
0.08666992
0.09069824
0.08666992
0.08666992
0.07861328
0.06652832
0.06347656
0.0614624
0.04534912
0.01965332
0.0007324219
-0.004760742
-0.01333618
-0.03326416
-0.06652832
-0.09472656
-0.1108704
-0.118927
-0.1411133
-0.1733704
-0.2056274
-0.2378845
-0.2459412
-0.2459412
-0.2539978
-0.2661133
-0.2661133
-0.2459412
-0.2217407
-0.2298279
-0.2056274
-0.1733704
-0.1491699
-0.1229553
-0.09472656
-0.06652832
-0.03729248
-0.005767822
0.02267456
0.03326416
0.05743408
0.09472656
0.1108704
0.1108704
0.1148987
0.1330566
0.1491699
0.1491699
0.1411133
0.1411133
0.1411133
0.1491699
0.1330566
0.1108704
0.106842
0.1108704
0.106842
0.07458496
0.05743408
0.05743408
0.05541992
0.0513916
0.03326416
0.01434326
0.01663208
0.0206604
0.01864624
0.01132202
0.01184082
0.02770996
0.02972412
0.02871704
0.0413208
0.05743408
0.07055664
0.07458496
0.07458496
0.0826416
0.0987854
0.1148987
0.106842
0.09472656
0.1028137
0.106842
0.1028137
0.09069824
0.07458496
0.0614624
0.0513916
0.04333496
0.02267456
0.001251221
-0.007781982
-0.02670288
-0.0513916
-0.07055664
-0.09069824
-0.1028137
-0.1269836
-0.1572266
-0.181427
-0.1975708
-0.2217407
-0.2298279
-0.2459412
-0.2661133
-0.2539978
-0.2459412
-0.2459412
-0.2298279
-0.2217407
-0.1975708
-0.1733704
-0.1653137
-0.1411133
-0.09472656
-0.07861328
-0.05340576
-0.0256958
-0.00881958
0.02468872
0.05541992
0.06652832
0.07861328
0.09472656
0.118927
0.1269836
0.1269836
0.1411133
0.1491699
0.1411133
0.1411133
0.1411133
0.1491699
0.1411133
0.1108704
0.1028137
0.1028137
0.0987854
0.09069824
0.06652832
0.04534912
0.04736328
0.05340576
0.03930664
0.0206604
0.01333618
0.0206604
0.02770996
0.02368164
0.02166748
0.02770996
0.03729248
0.04534912
0.04736328
0.04937744
0.06652832
0.07861328
0.07458496
0.07458496
0.0826416
0.09472656
0.09472656
0.08666992
0.0826416
0.0826416
0.08666992
0.0826416
0.0614624
0.05340576
0.0513916
0.04333496
0.02368164
0.004760742
-0.003753662
-0.01333618
-0.03326416
-0.05340576
-0.07458496
-0.09069824
-0.106842
-0.1330566
-0.1491699
-0.1653137
-0.1894836
-0.2136841
-0.2217407
-0.2217407
-0.2298279
-0.2378845
-0.2378845
-0.2217407
-0.2217407
-0.2056274
-0.1894836
-0.181427
-0.1572266
-0.1229553
-0.1148987
-0.09069824
-0.05541992
-0.0307312
-0.007293701
0.009307861
0.0307312
0.0614624
0.0826416
0.09472656
0.106842
0.118927
0.1330566
0.1411133
0.1491699
0.1491699
0.1411133
0.1491699
0.1491699
0.1330566
0.1330566
0.1229553
0.1108704
0.1028137
0.09069824
0.0826416
0.07055664
0.05743408
0.04333496
0.02770996
0.02770996
0.02972412
0.01385498
0.0002441406
0.002258301
0.01031494
0.01132202
0.0123291
0.01132202
0.01333618
0.02770996
0.03930664
0.03930664
0.04333496
0.05541992
0.06347656
0.06652832
0.06652832
0.07861328
0.0826416
0.07861328
0.07861328
0.07458496
0.07458496
0.07861328
0.06652832
0.05340576
0.04333496
0.03930664
0.03527832
0.01965332
0.002258301
-0.0128479
-0.02468872
-0.03527832
-0.05541992
-0.07458496
-0.09472656
-0.1148987
-0.1269836
-0.1491699
-0.1733704
-0.1894836
-0.2056274
-0.2056274
-0.2056274
-0.2298279
-0.2378845
-0.2136841
-0.2056274
-0.1975708
-0.181427
-0.181427
-0.1733704
-0.1491699
-0.106842
-0.09472656
-0.0826416
-0.05340576
-0.03729248
-0.01132202
0.02770996
0.03930664
0.0513916
0.07861328
0.0987854
0.106842
0.1229553
0.1411133
0.1491699
0.1411133
0.1491699
0.1491699
0.1491699
0.1491699
0.1411133
0.1229553
0.1148987
0.1148987
0.1028137
0.08666992
0.07458496
0.0614624
0.04736328
0.04534912
0.03930664
0.02267456
0.01083374
0.01535034
0.01333618
0.002746582
0.009307861
0.01333618
0.01031494
0.01535034
0.02468872
0.02972412
0.03729248
0.04736328
0.0513916
0.05541992
0.06652832
0.07458496
0.07055664
0.07458496
0.07861328
0.07861328
0.07458496
0.07458496
0.06652832
0.05743408
0.0513916
0.04534912
0.03326416
0.0206604
0.01083374
-0.005279541
-0.02166748
-0.0307312
-0.04534912
-0.06347656
-0.07458496
-0.09069824
-0.1148987
-0.1269836
-0.1411133
-0.1572266
-0.181427
-0.181427
-0.1733704
-0.1975708
-0.2056274
-0.1894836
-0.1733704
-0.1733704
-0.181427
-0.1733704
-0.1491699
-0.1330566
-0.1229553
-0.118927
-0.0987854
-0.07055664
-0.05944824
-0.0413208
-0.0206604
0.0002441406
0.02368164
0.0307312
0.0413208
0.06652832
0.09069824
0.106842
0.0987854
0.0987854
0.118927
0.1330566
0.1330566
0.1330566
0.1269836
0.1269836
0.1269836
0.1229553
0.1108704
0.1028137
0.1028137
0.09069824
0.07458496
0.06652832
0.06652832
0.05541992
0.04333496
0.03173828
0.02267456
0.02267456
0.02670288
0.01864624
0.004760742
0.003265381
0.01083374
0.01763916
0.01864624
0.01965332
0.01965332
0.02368164
0.03326416
0.03729248
0.0413208
0.04333496
0.04312134
0.04495239
0.04495239
0.04495239
0.05047607
0.04678345
0.04129028
0.04312134
0.02890015
0.0357666
0.0357666
0.01306152
0.009857178
0.00112915
-0.009399414
-0.01123047
-0.03393555
-0.04495239
-0.04678345
-0.0642395
-0.0642395
-0.07891846
-0.1046143
-0.1009521
-0.111969
-0.128479
-0.128479
-0.128479
-0.1358337
-0.1358337
-0.1505127
-0.143158
-0.128479
-0.128479
-0.1156311
-0.128479
-0.1211548
-0.08627319
-0.07525635
-0.07156372
-0.05596924
-0.04678345
-0.03210449
-0.01513672
-0.00479126
0.01168823
0.02062988
0.04129028
0.05230713
0.04129028
0.06057739
0.08258057
0.07891846
0.07891846
0.08627319
0.08627319
0.0899353
0.0899353
0.08627319
0.07891846
0.07891846
0.08627319
0.07525635
0.06057739
0.0642395
0.0642395
0.05596924
0.05047607
0.04312134
0.03762817
0.03945923
0.03393555
0.02706909
0.02523804
0.02154541
0.02523804
0.02523804
0.02062988
0.02246094
0.02246094
0.01971436
0.02432251
0.02337646
0.02432251
0.03393555
0.0357666
0.02062988
0.02154541
0.03945923
0.02706909
0.03027344
0.03027344
0.009399414
0.02523804
0.02337646
0.01513672
0.01879883
0.006195068
0.002502441
0.00112915
-0.000213623
-0.001586914
-0.02154541
-0.01123047
-0.01971436
-0.04312134
-0.01971436
-0.04864502
-0.04678345
-0.05047607
-0.07156372
-0.04312134
-0.07156372
-0.0899353
-0.06790161
-0.09359741
-0.09359741
-0.07156372
-0.1009521
-0.0899353
-0.0899353
-0.0899353
-0.07156372
-0.09729004
-0.06790161
-0.05413818
-0.07156372
-0.06057739
-0.05780029
-0.03945923
-0.02615356
-0.02062988
-0.02062988
-0.02890015
-0.006652832
0.01351929
0.01031494
0.02432251
0.01605225
0.02615356
0.03027344
0.03762817
0.05596924
0.0357666
0.05780029
0.05596924
0.03393555
0.05596924
0.05780029
0.0642395
0.05780029
0.02706909
0.04864502
0.05413818
0.04864502
0.06057739
0.02154541
0.0357666
0.04129028
0.02432251
0.04129028
0.03393555
0.04312134
0.03393555
0.01696777
0.02154541
0.03762817
0.04864502
0.03762817
0.02432251
0.01605225
0.02337646
0.04129028
0.03393555
0.03762817
0.01306152
-0.000213623
0.05780029
0.02062988
0.0006713867
0.04129028
0.009857178
0.007568359
0.00894165
0.01696777
0.01605225
-0.003875732
0.003875732
-0.007110596
-0.00479126
-0.01077271
0.008483887
-0.006195068
-0.06057739
-0.012146
-0.009857178
-0.03027344
-0.02062988
-0.04495239
-0.03027344
-0.05413818
-0.06790161
0.002044678
-0.0899353
-0.0642395
-0.02706909
-0.1156311
-0.01513672
-0.07525635
-0.0642395
-0.02154541
-0.128479
-0.01031494
-0.05047607
-0.09359741
0.012146
-0.09359741
-0.04129028
-0.02062988
-0.07156372
0.02246094
-0.04678345
-0.02798462
0.001586914
-0.0357666
0.01031494
-0.002960205
0.02154541
-0.002502441
0.008483887
0.03027344
0.00479126
0.05047607
0.02337646
0.03210449
0.04678345
0.02246094
0.04312134
0.01971436
0.04495239
0.0642395
-0.00112915
0.05780029
0.02154541
0.01397705
0.08258057
-0.01443481
0.08258057
0.0178833
-0.01351929
0.1046143
-0.03393555
0.03945923
0.06057739
-0.02615356
0.07156372
0.012146
-0.01123047
0.06057739
0.002960205
-0.00112915
0.06790161
-0.03945923
0.002960205
0.0899353
-0.04864502
0.03945923
0.01879883
-0.012146
0.05596924
-0.0357666
0.04495239
0.01879883
-0.02337646
0.0357666
-0.00894165
0.00479126
0.008026123
-0.0006713867
0.005706787
-0.01168823
-0.03945923
0.01696777
0.02337646
-0.07891846
0.01351929
-0.01696777
-0.08258057
0.05047607
-0.09729004
0.01971436
-0.007110596
-0.1156311
0.06790161
-0.09359741
-0.01397705
0.02337646
-0.07891846
0.03210449
-0.08627319
-0.005249023
0.01443481
-0.07891846
0.04678345
-0.1009521
0.01306152
0.01260376
-0.09359741
0.0642395
-0.06057739
0.01443481
-0.007568359
-0.0357666
0.03945923
-0.07156372
0.0642395
-0.007568359
-0.0642395
0.04129028
-0.02337646
0.01351929
-0.02154541
-0.004333496
0.02615356
-0.04678345
0.02798462
-0.01443481
-0.003417969
0.008483887
-0.03393555
0.07525635
-0.06057739
0.0178833
0.04495239
-0.05596924
0.03945923
0.01168823
0.02246094
-0.02523804
0.04312134
0.02798462
-0.07156372
0.09729004
0.003417969
-0.02337646
0.07525635
-0.04864502
0.07156372
0.02523804
-0.05413818
0.128479
-0.01306152
-0.01351929
0.08627319
-0.03945923
0.03945923
0.04678345
-0.0006713867
0.03027344
-0.01351929
0.02337646
0.02337646
0.01443481
0.02246094
-0.00479126
-0.008026123
0.02337646
0.01879883
-0.0006713867
-0.01168823
0.02615356
-0.03027344
-0.02523804
0.04678345
-0.04678345
0.03393555
-0.04864502
-0.0178833
0.05047607
-0.07525635
0.04495239
-0.01696777
-0.05413818
0.00894165
-0.03393555
0.02154541
-0.02798462
-0.03210449
0.008026123
-0.02246094
-0.01879883
-0.01123047
-0.008026123
-0.01077271
-0.01351929
-0.03027344
0.001586914
0.0178833
-0.03210449
-0.00479126
-0.012146
-0.02798462
0.03393555
-0.02615356
-0.002960205
0.02337646
-0.07891846
0.0357666
-0.01123047
-0.01031494
0.02154541
-0.06057739
0.04864502
-0.04678345
0.006195068
0.03393555
-0.08258057
0.08627319
-0.0899353
-0.002960205
0.06790161
-0.1083069
0.1046143
-0.07156372
-0.03945923
0.1156311
-0.1211548
0.1156311
-0.03762817
-0.06057739
0.143158
-0.1358337
0.09729004
0.007568359
-0.03945923
0.1009521
-0.08627319
0.07156372
-0.012146
0.01397705
0.1046143
-0.1211548
0.09359741
0.01351929
-0.06790161
0.143158
-0.08627319
0.05596924
0.03027344
-0.09359741
0.1358337
-0.05413818
-0.01123047
0.07156372
-0.06790161
0.04678345
-0.012146
-0.01696777
0.09359741
-0.07891846
-0.003417969
0.04678345
-0.03210449
0.04864502
-0.04864502
0.02798462
0.002502441
-0.06057739
0.1046143
-0.0899353
0.01123047
0.05780029
-0.08627319
0.04495239
-0.006652832
-0.02432251
0.02246094
-0.0357666
0.001586914
0.01443481
-0.0642395
0.05413818
-0.03393555
-0.04312134
0.03762817
-0.02706909
-0.01605225
-0.01879883
0.01397705
-0.03762817
-0.004333496
0.01077271
-0.04129028
-0.009857178
0.02432251
-0.04864502
-0.001586914
0.02154541
-0.04678345
0.03210449
-0.03210449
-0.02246094
0.05596924
-0.02615356
-0.05047607
0.06790161
-0.03393555
-0.04495239
0.111969
-0.09359741
0.01123047
0.02615356
-0.03210449
0.07525635
-0.09359741
0.04312134
0.06057739
-0.1009521
0.0899353
-0.01260376
-0.0357666
0.07156372
-0.008026123
-0.03393555
0.03393555
0.006195068
-0.01971436
0.0899353
-0.07156372
0.01077271
0.07156372
-0.03393555
0.0178833
0.001586914
-0.0006713867
0.005249023
0.06790161
-0.04864502
-0.001586914
0.06057739
-0.05047607
0.04678345
-0.01971436
-0.01879883
0.07525635
-0.03945923
-0.007568359
0.04129028
-0.05047607
0.03393555
0.00894165
-0.03027344
-0.01123047
0.03762817
-0.01123047
-0.04129028
0.05230713
-0.07156372
0.04129028
0.01696777
-0.06790161
0.05047607
-0.05596924
0.05596924
-0.007110596
-0.0899353
0.1046143
-0.05413818
-0.02432251
0.05047607
-0.04678345
0.006652832
-0.02154541
0.02890015
-0.04129028
0.004333496
0.01306152
-0.03210449
0.02798462
-0.07891846
0.07891846
-0.03393555
-0.04678345
0.1009521
-0.1505127
0.09729004
-0.01351929
-0.08258057
0.128479
-0.1578674
0.09729004
0.01879883
-0.1505127
0.1578674
-0.0899353
0.01351929
0.06057739
-0.1083069
0.1009521
-0.07891846
0.05047607
0.00112915
-0.05230713
0.07156372
-0.03762817
0.03027344
-0.02798462
0.003417969
0.05780029
-0.08258057
0.1046143
-0.04678345
-0.0642395
0.1872253
-0.1725464
0.07525635
0.0642395
-0.128479
0.128479
-0.05780029
-0.01879883
0.0899353
-0.07891846
0.05230713
0.007110596
-0.02615356
0.009399414
0.02706909
0.002044678
-0.05230713
0.07525635
-0.04678345
-0.0178833
0.08627319
-0.07891846
0.01605225
0.04495239
-0.07525635
0.0899353
-0.06790161
-0.002044678
0.08258057
-0.128479
0.08627319
0.0006713867
-0.05780029
0.05413818
-0.00112915
-0.03945923
-0.01031494
0.05047607
-0.02062988
-0.03393555
0.03762817
-0.03027344
0.006652832
0.004333496
-0.04129028
0.0899353
-0.1046143
0.01605225
0.08627319
-0.1505127
0.1083069
-0.03945923
-0.03393555
0.04495239
-0.06790161
0.05047607
-0.02523804
-0.009857178
0.02615356
-0.04129028
0.004333496
0.01031494
0.03027344
-0.07156372
0.02246094
0.04312134
-0.06790161
0.02246094
0.03027344
-0.01351929
-0.03762817
0.02890015
0.03393555
-0.04495239
-0.01260376
0.06057739
-0.02432251
-0.02798462
0.01513672
0.04129028
-0.06057739
0.03027344
0.01696777
-0.01351929
-0.005706787
0.02154541
0.01123047
-0.04864502
0.05230713
-0.012146
-0.002044678
0.01168823
0.008483887
0.01696777
-0.02337646
0.01397705
0.04678345
-0.07156372
0.06790161
-0.02706909
-0.01260376
0.06057739
-0.07891846
0.08627319
-0.04495239
-0.01397705
0.07891846
-0.08627319
0.04129028
0.03210449
-0.07156372
0.07156372
-0.00894165
-0.0357666
0.02706909
-0.01168823
0.02337646
-0.05230713
0.0178833
0.01879883
-0.02432251
0.01513672
-0.0357666
0.02615356
0.01351929
-0.06057739
0.06057739
-0.0357666
-0.05230713
0.08627319
-0.05780029
-0.02154541
0.03393555
-0.03027344
-0.01443481
0.02337646
-0.03393555
0.02062988
-0.02062988
0.003417969
0.012146
-0.08258057
0.111969
-0.04864502
-0.05047607
0.0642395
-0.02890015
-0.006195068
-0.0006713867
0.01879883
-0.01879883
0.01306152
-0.005706787
-0.003875732
0.02337646
-0.03210449
0.04129028
-0.01696777
-0.03393555
0.06057739
-0.02798462
0.01443481
0.005249023
-0.0178833
-0.009857178
0.03027344
0.02337646
-0.04129028
-0.002960205
0.05596924
-0.03393555
-0.01971436
0.05047607
-0.03027344
0.02432251
-0.006195068
-0.003417969
0.004333496
-0.01031494
0.01306152
0.0357666
-0.06057739
0.03027344
0.02154541
-0.01696777
0.02062988
-0.02337646
0.04864502
-0.06057739
0.0642395
-0.01123047
-0.0642395
0.1083069
-0.0642395
0.01696777
0.009399414
-0.002960205
0.01443481
-0.04129028
0.03762817
-0.01031494
-0.01031494
0.006652832
0.01879883
-0.04495239
0.01879883
-0.01031494
0.01605225
-0.01696777
-0.02523804
0.05596924
-0.06057739
0.002502441
0.01696777
-0.012146
-0.012146
0.006195068
-0.00894165
-0.006195068
-0.01123047
0.0178833
-0.0357666
0.03762817
-0.04678345
-0.0006713867
0.05413818
-0.07525635
0.02615356
0.02798462
-0.0357666
-0.01513672
0.02062988
0.0006713867
0.004333496
-0.04678345
0.03945923
0.005706787
-0.0642395
0.05780029
0.002960205
-0.07156372
0.07891846
-0.03210449
-0.008026123
0.01123047
-0.01696777
0.05780029
-0.03762817
-0.007568359
0.007568359
0.00479126
0.01696777
-0.01696777
-0.000213623
0.02798462
-0.06057739
0.08258057
-0.02615356
-0.04129028
0.0899353
-0.06790161
0.02246094
0.01443481
-0.04129028
0.08258057
-0.04312134
-0.01351929
0.03945923
-0.04864502
0.06790161
-0.05047607
0.04312134
-0.03945923
-0.012146
0.08258057
-0.08258057
0.05596924
-0.03762817
0.03027344
0.02523804
-0.111969
0.1578674
-0.1009521
-0.02523804
0.143158
-0.1798706
0.1156311
-0.009399414
-0.0642395
0.09729004
-0.1211548
0.07525635
0.04312134
-0.1009521
0.0642395
-0.012146
-0.01879883
0.03027344
-0.01397705
-0.008026123
0.007568359
-0.03027344
0.03027344
0.002960205
-0.05230713
0.05047607
-0.02890015
-0.01351929
0.02062988
-0.00479126
-0.006652832
-0.02154541
0.01879883
0.009857178
-0.04312134
0.05780029
-0.04678345
-0.02337646
0.0642395
-0.05413818
0.02154541
-0.006652832
-0.0178833
0.0357666
-0.0642395
0.03210449
0.04312134
-0.05596924
0.007110596
0.01879883
-0.006652832
-0.00112915
0.02154541
-0.01971436
0.01351929
-0.0357666
0.0357666
0.04864502
-0.1083069
0.07156372
0.01123047
-0.06790161
0.07891846
-0.02706909
-0.03210449
0.05230713
-0.05230713
0.04129028
0.01696777
-0.04312134
0.03393555
-0.02615356
-0.0178833
0.0642395
-0.03210449
-0.005249023
0.02523804
-0.06057739
0.05780029
-0.00894165
-0.02798462
0.06790161
-0.08627319
0.0178833
0.04312134
-0.0642395
0.0642395
-0.009399414
-0.04864502
0.01971436
0.01971436
-0.008483887
0.03762817
-0.06057739
0.01306152
0.03945923
-0.07525635
0.0899353
-0.02062988
-0.07891846
0.1009521
-0.05596924
-0.01605225
0.0642395
-0.05780029
0.04312134
-0.03210449
-0.03393555
0.07891846
-0.05047607
0.007110596
0.004333496
-0.01306152
-0.004333496
0.002044678
0.04312134
-0.06057739
0.01879883
0.002502441
0.002044678
-0.003417969
-0.02062988
0.05230713
-0.06790161
0.02890015
0.0357666
-0.08627319
0.1046143
-0.06790161
-0.012146
0.07891846
-0.128479
0.143158
-0.07156372
-0.06790161
0.1651917
-0.1798706
0.1156311
0.0178833
-0.128479
0.1505127
-0.1046143
0.05413818
0.02523804
-0.08258057
0.09729004
-0.1009521
0.04495239
0.04495239
-0.09729004
0.111969
-0.07891846
0.01696777
0.03027344
-0.06057739
0.08627319
-0.07891846
0.01605225
0.03393555
-0.06057739
0.06790161
-0.01696777
-0.01696777
0.007568359
-0.03027344
0.08258057
-0.06057739
0.01971436
0.02246094
-0.06057739
0.05230713
-0.02798462
0.02798462
-0.007568359
-0.008483887
-0.006652832
-0.002502441
0.01077271
0.009399414
0.02062988
-0.05780029
0.03210449
0.01879883
-0.05413818
0.07525635
-0.01260376
-0.08258057
0.08258057
-0.03027344
-0.01031494
0.05047607
-0.06057739
0.02154541
0.012146
-0.02798462
0.02615356
-0.01306152
-0.00112915
0.02523804
-0.05047607
0.01351929
0.03210449
-0.03210449
-0.0006713867
0.01031494
-0.02062988
0.008483887
0.01397705
-0.02798462
0.03027344
-0.03027344
0.000213623
0.02615356
-0.04495239
0.02706909
-0.008026123
-0.002044678
-0.008026123
-0.003875732
0.01879883
-0.02890015
0.04129028
-0.05596924
0.04129028
0.009857178
-0.07525635
0.1156311
-0.09729004
0.03027344
0.04864502
-0.1009521
0.1156311
-0.06790161
-0.01031494
0.08258057
-0.128479
0.08627319
0.01351929
-0.0899353
0.1083069
-0.0899353
0.02890015
0.06057739
-0.09729004
0.0899353
-0.03762817
-0.02154541
0.05780029
-0.0642395
0.05596924
-0.02890015
0.004333496
0.02337646
-0.06057739
0.07156372
-0.04495239
0.003417969
0.04312134
-0.09729004
0.1083069
-0.05780029
-0.01971436
0.09729004
-0.128479
0.1046143
-0.03210449
-0.0642395
0.1358337
-0.128479
0.05047607
0.04129028
-0.1083069
0.143158
-0.1009521
0.006195068
0.07525635
-0.111969
0.1009521
-0.03393555
-0.0357666
0.06057739
-0.05596924
0.03762817
0.01306152
-0.05780029
0.07156372
-0.04678345
-0.008026123
0.06057739
-0.05780029
0.03945923
-0.0357666
0.0178833
0.01971436
-0.02062988
-0.009399414
0.01351929
-0.0178833
-0.007568359
0.04129028
-0.02062988
-0.03762817
0.07156372
-0.06790161
0.01443481
0.05780029
-0.09729004
0.1156311
-0.09359741
0.009857178
0.04864502
-0.0642395
0.08627319
-0.08258057
0.01971436
0.03945923
-0.07891846
0.07525635
-0.04864502
0.01123047
0.003417969
-0.04864502
0.0899353
-0.07156372
-0.007568359
0.06790161
-0.06057739
0.01879883
0.0178833
0.000213623
-0.02798462
-0.02337646
0.07156372
-0.04864502
-0.008026123
0.04678345
-0.02706909
-0.01696777
-0.01031494
0.04495239
-0.007568359
-0.04129028
0.1009521
-0.1009521
-0.01513672
0.1211548
-0.1211548
0.09359741
-0.02615356
-0.09729004
0.1945801
-0.143158
0.009857178
0.1505127
-0.2166138
0.128479
0.02798462
-0.128479
0.1505127
-0.06057739
-0.04864502
0.08627319
-0.08627319
0.05230713
0.0642395
-0.128479
0.0642395
0.02706909
-0.09729004
0.1083069
-0.03027344
-0.05780029
0.111969
-0.1358337
0.07525635
0.06057739
-0.1211548
0.0899353
-0.04495239
-0.03945923
0.08627319
-0.02246094
-0.02246094
0.03393555
-0.03393555
-0.01879883
0.0642395
-0.03762817
0.00112915
0.05596924
-0.1211548
0.08627319
-0.007568359
-0.0642395
0.143158
-0.1651917
0.05047607
0.06057739
-0.1046143
0.1211548
-0.05230713
-0.05780029
0.06790161
-0.04678345
0.03027344
0.007568359
-0.02615356
-0.007568359
0.03027344
-0.02337646
-0.03210449
0.111969
-0.1156311
0.02154541
0.07156372
-0.1046143
0.111969
-0.07156372
0.01605225
0.03393555
-0.07891846
0.09359741
-0.06057739
0.02337646
0.003875732
-0.005249023
-0.02154541
0.001586914
0.06790161
-0.1083069
0.07525635
0.000213623
-0.09729004
0.1578674
-0.1211548
0.007568359
0.1046143
-0.1725464
0.143158
-0.03027344
-0.05230713
0.0899353
-0.08627319
0.05780029
-0.01513672
0.0178833
-0.03762817
0.01351929
0.05230713
-0.111969
0.1046143
-0.03210449
-0.05230713
0.111969
-0.1046143
0.01605225
0.04495239
-0.05413818
0.07525635
-0.05596924
-0.01971436
0.05413818
-0.03393555
0.01123047
0.02890015
-0.04129028
-0.02154541
0.07156372
-0.01605225
-0.05780029
0.05230713
0.001586914
-0.02246094
0.03393555
-0.02523804
-0.01168823
0.05230713
-0.05047607
0.03393555
-0.01123047
-0.03027344
0.06057739
-0.03945923
0.001586914
-0.01351929
0.01605225
0.0178833
-0.04129028
0.01443481
0.04129028
-0.04495239
-0.01971436
0.0357666
-0.02246094
-0.008026123
0.03027344
-0.02523804
0.01351929
-0.03393555
0.002044678
0.04312134
-0.04864502
-0.00894165
0.05780029
-0.04129028
-0.05780029
0.1046143
-0.02523804
-0.06057739
0.06790161
-0.03027344
0.005249023
0.02523804
-0.05230713
0.07156372
-0.05413818
0.01260376
0.04495239
-0.0642395
0.0642395
-0.02706909
-0.00479126
0.01513672
-0.06790161
0.111969
-0.02246094
-0.05047607
0.0899353
-0.128479
0.111969
0.008483887
-0.1211548
0.1651917
-0.0899353
-0.03027344
0.08258057
-0.05596924
0.04864502
-0.01168823
-0.04129028
0.02337646
0.002502441
0.01397705
0.01031494
-0.01971436
-0.06057739
0.07525635
0.02706909
-0.08258057
0.07156372
-0.06790161
0.03210449
0.06057739
-0.1156311
0.08627319
-0.02798462
-0.02432251
0.08627319
-0.128479
0.07525635
0.02706909
-0.08627319
0.05413818
-0.07156372
0.0899353
0.005249023
-0.1009521
0.09359741
-0.0642395
0.01696777
0.0642395
-0.05780029
-0.03210449
0.01031494
0.05413818
-0.04312134
0.01351929
-0.01696777
-0.01696777
0.0357666
-0.02798462
0.0178833
0.004333496
-0.04495239
0.04129028
-0.01513672
-0.02062988
0.04129028
-0.01031494
-0.01031494
-0.04129028
0.03945923
0.0178833
-0.02337646
0.01031494
-0.02890015
0.01443481
0.003875732
0.03762817
-0.02615356
-0.012146
0.05047607
-0.04495239
0.006195068
0.01605225
0.0006713867
0.006652832
-0.01351929
-0.00112915
0.01077271
0.002044678
0.009857178
-0.01696777
-0.008026123
0.008026123
0.02523804
0.009399414
-0.04129028
0.01513672
-0.0006713867
0.02432251
0.008026123
-0.02706909
0.01605225
-0.01696777
0.03393555
-0.012146
0.002502441
0.0357666
-0.0642395
0.03210449
0.01605225
-0.01123047
0.02337646
-0.02890015
0.002960205
0.00479126
0.01260376
0.01351929
-0.03027344
-0.006652832
0.008026123
0.01123047
0.003417969
-0.03393555
0.01513672
0.006652832
0.009857178
-0.02890015
-0.007110596
0.07525635
-0.0642395
0.01513672
0.01077271
-0.05596924
0.0899353
-0.03945923
-0.02062988
0.03210449
-0.07525635
0.06790161
0.01351929
-0.09729004
0.06057739
0.01443481
-0.04678345
0.02706909
-0.02523804
0.003875732
0.03945923
-0.0357666
-0.01513672
0.01605225
0.003417969
0.02523804
-0.03210449
-0.02798462
0.04312134
0.002502441
-0.01605225
-0.02337646
0.01351929
0.01077271
-0.03393555
0.03393555
-0.012146
-0.02154541
0.02706909
-0.02062988
0.003875732
0.01513672
0.000213623
0.002960205
-0.03945923
0.02246094
0.02337646
-0.02615356
0.004333496
-0.00894165
0.01605225
-0.004333496
-0.005249023
0.01513672
-0.02706909
0.02246094
0.008026123
-0.02062988
0.01123047
0.008026123
0.009399414
-0.0357666
0.009399414
0.05047607
-0.03393555
-0.005706787
0.00894165
0.00112915
0.03210449
-0.01513672
0.001586914
-0.006195068
-0.01306152
0.05780029
-0.01696777
-0.02615356
0.02615356
-0.01696777
-0.01605225
0.02798462
0.009857178
-0.007568359
-0.006652832
-0.02615356
0.01605225
0.01031494
0.01077271
0.009399414
-0.04129028
-0.003417969
0.04678345
-0.009857178
-0.01123047
0.009857178
-0.01306152
-0.002044678
0.007568359
0.01696777
-0.012146
-0.005706787
-0.01351929
-0.003875732
0.03027344
-0.01168823
0.00479126
-0.02062988
-0.007568359
0.04495239
-0.02706909
0.01306152
-0.0006713867
-0.04129028
0.04678345
-0.002044678
-0.02062988
0.01351929
-0.01168823
0.006195068
-0.005249023
0.0006713867
0.02154541
-0.01123047
-0.01605225
0.002960205
0.004333496
0.007568359
0.00894165
-0.01306152
-0.02154541
-0.000213623
0.02337646
0.00479126
-0.02706909
-0.003417969
-0.00112915
0.003875732
0.008483887
-0.012146
-0.003417969
-0.004333496
0.000213623
0.002502441
-0.009399414
0.01513672
-0.002960205
-0.01971436
0.01306152
-0.002502441
0.007110596
0.009399414
-0.02062988
0.009857178
0.01397705
-0.002044678
0.01077271
-0.008483887
-0.002044678
0.002502441
0.004333496
0.01605225
-0.005249023
-0.00479126
-0.0006713867
-0.008483887
0.01513672
0.01077271
-0.01443481
-0.001586914
-0.003875732
0.009399414
0.02062988
-0.01443481
-0.007568359
-0.000213623
-0.003875732
0.01168823
0.002044678
0.007110596
0.002502441
-0.01513672
-0.006195068
0.009857178
0.01168823
-0.002502441
0.000213623
0.000213623
0.000213623
0.01123047
-0.002502441
-0.002960205
0.008483887
0.004333496
0.009399414
-0.003875732
-0.006652832
0.01397705
-0.005249023
-0.01306152
0.007568359
-0.001586914
0.003417969
-0.009399414
-0.01696777
0.0006713867
-0.005706787
0.009399414
-0.01168823
-0.02798462
0.01260376
0.000213623
-0.01513672
-0.007568359
-0.006652832
0.002502441
0.00112915
-0.002044678
-0.01123047
-0.005249023
0.01376343
-0.001251221
-0.01126099
0.002746582
0.003753662
0.007263184
-0.006256104
-0.003753662
0.01126099
0.007263184
0.006256104
0.001251221
0.003753662
0.005737305
0.01077271
0.001739502
0.004730225
0.008239746
0.003234863
0.001739502
-0.007751465
0.01174927
0.006256104
-0.003753662
0.006744385
-0.01651001
-0.003234863
0.007263184
-0.01651001
-0.0007324219
-0.002227783
-0.009765625
-0.002746582
-0.002227783
0.001739502
-0.001251221
-0.002746582
-0.01275635
0.002227783
0.008239746
-0.005249023
0.001251221
-0.01425171
-0.002746582
0.01126099
-0.01077271
-0.006744385
0.002227783
-0.008239746
0.0002441406
-0.007263184
-0.01126099
0.001739502
-0.01077271
-0.006256104
-0.01126099
-0.01174927
0.01226807
-0.01275635
-0.02352905
0.006256104
-0.006744385
-0.0007324219
-0.0002441406
-0.01275635
0.006256104
0.005737305
0.003753662
0.01174927
0.004241943
0.01477051
0.01751709
0.004241943
0.01953125
0.02252197
0.02453613
0.02554321
0.01651001
0.03155518
0.0350647
0.03305054
0.0350647
0.02954102
0.03707886
0.04507446
0.03707886
0.03707886
0.0390625
0.0350647
0.03707886
0.04309082
0.0350647
0.02954102
0.0305481
0.01852417
0.02352905
0.0305481
0.01376343
0.007263184
0.001251221
-0.002746582
-0.002227783
-0.01376343
-0.02252197
-0.0305481
-0.0350647
-0.03707886
-0.04309082
-0.06112671
-0.06112671
-0.07012939
-0.08618164
-0.07415771
-0.09420776
-0.09420776
-0.09820557
-0.1182556
-0.09420776
-0.1022034
-0.1182556
-0.1022034
-0.1062317
-0.09820557
-0.09017944
-0.09017944
-0.07415771
-0.07012939
-0.04910278
-0.04708862
-0.0390625
-0.01126099
-0.009246826
-0.0002441406
0.01577759
0.02755737
0.04708862
0.05709839
0.06112671
0.07415771
0.08215332
0.09820557
0.1022034
0.1022034
0.1102295
0.1142273
0.1142273
0.1182556
0.1142273
0.1102295
0.1182556
0.1062317
0.1022034
0.09820557
0.09420776
0.08618164
0.07415771
0.07415771
0.06311035
0.06112671
0.05709839
0.04107666
0.0390625
0.03305054
0.03305054
0.02755737
0.01327515
0.01852417
0.01425171
0.01126099
0.01174927
0.0002441406
0.004730225
0.004241943
-0.004730225
-0.002746582
-0.01025391
-0.01425171
-0.01651001
-0.02954102
-0.0350647
-0.04107666
-0.05511475
-0.06613159
-0.07415771
-0.09017944
-0.1062317
-0.1322632
-0.1402893
-0.1062317
-0.1062317
-0.1643372
-0.1723633
-0.1322632
-0.1262512
-0.1402893
-0.1483154
-0.1402893
-0.1322632
-0.1062317
-0.08618164
-0.1022034
-0.09017944
-0.04910278
-0.04708862
-0.04107666
-0.007751465
0.02154541
0.01376343
0.02252197
0.04708862
0.07012939
0.09420776
0.08618164
0.08215332
0.09017944
0.1142273
0.1322632
0.1102295
0.09420776
0.1022034
0.1102295
0.1022034
0.09420776
0.07815552
0.06311035
0.06613159
0.05911255
0.0390625
0.03707886
0.0305481
0.01226807
0.001739502
0.03305054
0.04910278
-0.006256104
-0.02252197
0.02453613
0.04309082
0.03305054
0.01953125
0.006256104
0.03155518
0.06613159
0.07012939
0.04507446
0.0390625
0.07815552
0.07815552
0.06311035
0.07815552
0.08215332
0.06613159
0.06112671
0.06613159
0.06613159
0.06613159
0.04107666
0.01275635
0.005249023
0.01953125
0.004730225
-0.04708862
-0.07815552
-0.08215332
-0.08215332
-0.1182556
-0.1563416
-0.1884155
-0.1803894
-0.1402893
-0.1803894
-0.252533
-0.220459
-0.1643372
-0.1884155
-0.2044373
-0.1964111
-0.1803894
-0.1402893
-0.1182556
-0.1322632
-0.1142273
-0.05709839
-0.03707886
-0.04507446
-0.01425171
0.0390625
0.05911255
0.05108643
0.06613159
0.1022034
0.1322632
0.1402893
0.1222534
0.1182556
0.1483154
0.1723633
0.1483154
0.1222534
0.1222534
0.1322632
0.1262512
0.1022034
0.07815552
0.07012939
0.06613159
0.04309082
0.02053833
0.003753662
0.001739502
-0.009246826
-0.0390625
-0.04507446
-0.04107666
-0.04309082
-0.05511475
-0.06613159
-0.05911255
-0.04309082
0.004730225
0.01275635
-0.03707886
-0.02755737
0.04708862
0.08215332
0.06112671
0.04708862
0.06311035
0.09820557
0.1322632
0.1262512
0.1022034
0.1102295
0.1322632
0.1402893
0.1182556
0.1182556
0.1322632
0.09420776
0.07415771
0.08215332
0.08215332
0.07012939
0.02352905
-0.01275635
-0.01852417
-0.005249023
-0.02853394
-0.09017944
-0.1322632
-0.1322632
-0.1322632
-0.1643372
-0.220459
-0.2445374
-0.2445374
-0.2284851
-0.220459
-0.252533
-0.2806091
-0.2365112
-0.1964111
-0.2044373
-0.1964111
-0.1723633
-0.1563416
-0.1222534
-0.08215332
-0.06311035
-0.0350647
-0.006256104
0.01226807
0.03707886
0.07415771
0.1102295
0.1142273
0.1062317
0.1322632
0.1563416
0.1723633
0.1643372
0.1483154
0.1402893
0.1563416
0.1563416
0.1322632
0.1102295
0.09420776
0.09017944
0.07815552
0.05511475
0.0390625
0.01651001
-0.002227783
-0.01751709
-0.02453613
-0.03707886
-0.04910278
-0.06112671
-0.07815552
-0.07815552
-0.05511475
-0.05911255
-0.07012939
-0.06613159
-0.05108643
-0.02554321
-0.01651001
0.01577759
0.05108643
0.04708862
0.03707886
0.07415771
0.1322632
0.1402893
0.1262512
0.1102295
0.1322632
0.1723633
0.1884155
0.1563416
0.1222534
0.1402893
0.1563416
0.1402893
0.1182556
0.1062317
0.09017944
0.07815552
0.06311035
0.04708862
0.0350647
0.005249023
-0.02954102
-0.05911255
-0.06112671
-0.06112671
-0.1062317
-0.1563416
-0.1803894
-0.1803894
-0.1884155
-0.2365112
-0.2645569
-0.2806091
-0.2645569
-0.2284851
-0.220459
-0.2806091
-0.2645569
-0.1884155
-0.1643372
-0.1723633
-0.1643372
-0.1322632
-0.08618164
-0.04708862
-0.02252197
-0.01174927
0.01226807
0.05511475
0.07815552
0.08215332
0.1142273
0.1483154
0.1322632
0.1262512
0.1483154
0.1723633
0.1643372
0.1483154
0.1182556
0.1222534
0.1322632
0.1222534
0.08618164
0.04309082
0.04910278
0.05310059
0.02252197
-0.0007324219
-0.02252197
-0.0350647
-0.03707886
-0.04910278
-0.06311035
-0.07012939
-0.06613159
-0.07415771
-0.07815552
-0.06311035
-0.05108643
-0.04708862
-0.05108643
-0.03155518
-0.005737305
0.01126099
0.02554321
0.02853394
0.06311035
0.1022034
0.1062317
0.1062317
0.1402893
0.1563416
0.1643372
0.1563416
0.1643372
0.1723633
0.1723633
0.1723633
0.1483154
0.1402893
0.1483154
0.1322632
0.1062317
0.09017944
0.08618164
0.07012939
0.05108643
0.02453613
0.01126099
-0.001251221
-0.02154541
-0.04507446
-0.06613159
-0.08215332
-0.1022034
-0.1222534
-0.1483154
-0.1723633
-0.1884155
-0.2124634
-0.2445374
-0.2645569
-0.252533
-0.2645569
-0.2806091
-0.2365112
-0.2044373
-0.2445374
-0.2445374
-0.1643372
-0.1322632
-0.1322632
-0.1102295
-0.09017944
-0.05511475
0.002746582
0.02853394
0.02053833
0.04107666
0.09017944
0.1142273
0.1102295
0.1182556
0.1483154
0.1402893
0.1322632
0.1402893
0.1402893
0.1322632
0.1222534
0.09420776
0.07815552
0.07815552
0.07415771
0.04910278
0.004241943
-0.007751465
0.0007324219
-0.006744385
-0.0350647
-0.05709839
-0.06311035
-0.06112671
-0.05511475
-0.06613159
-0.07415771
-0.06613159
-0.05310059
-0.04507446
-0.04309082
-0.02453613
-0.008758545
0.001251221
0.01751709
0.02453613
0.04309082
0.06613159
0.07415771
0.08215332
0.09017944
0.1062317
0.1182556
0.1322632
0.1563416
0.1643372
0.1563416
0.1402893
0.1483154
0.1723633
0.1723633
0.1402893
0.1182556
0.1102295
0.1262512
0.1222534
0.09420776
0.05709839
0.04708862
0.05911255
0.04708862
0.02655029
0.003234863
-0.009246826
-0.02154541
-0.03305054
-0.0350647
-0.05709839
-0.07415771
-0.09820557
-0.1222534
-0.1222534
-0.1322632
-0.1563416
-0.1964111
-0.2284851
-0.2445374
-0.2365112
-0.2365112
-0.2806091
-0.2806091
-0.2124634
-0.1884155
-0.2445374
-0.2284851
-0.1563416
-0.1142273
-0.1022034
-0.09420776
-0.07815552
-0.03155518
0.0305481
0.04910278
0.0350647
0.05709839
0.1062317
0.1322632
0.1222534
0.1182556
0.1402893
0.1402893
0.1322632
0.1222534
0.1142273
0.1102295
0.09820557
0.06613159
0.04507446
0.0390625
0.0390625
0.01577759
-0.02853394
-0.0390625
-0.02453613
-0.02755737
-0.04708862
-0.07012939
-0.07012939
-0.05709839
-0.04309082
-0.04910278
-0.05310059
-0.03707886
-0.01751709
-0.007263184
-0.0002441406
0.01577759
0.0390625
0.05511475
0.05911255
0.07012939
0.08618164
0.1022034
0.1102295
0.1022034
0.1062317
0.1182556
0.1182556
0.1142273
0.1322632
0.1483154
0.1402893
0.1142273
0.1062317
0.1182556
0.1402893
0.1222534
0.08215332
0.07012939
0.07415771
0.09420776
0.07815552
0.04309082
0.02853394
0.03305054
0.03707886
0.02352905
0.007263184
-0.009246826
-0.01751709
-0.02554321
-0.03155518
-0.04107666
-0.05709839
-0.07415771
-0.09820557
-0.1142273
-0.1182556
-0.1322632
-0.1643372
-0.1964111
-0.2284851
-0.2284851
-0.2284851
-0.2445374
-0.2806091
-0.2806091
-0.2044373
-0.1723633
-0.220459
-0.220459
-0.1322632
-0.09017944
-0.06613159
-0.05310059
-0.04708862
-0.003753662
0.05709839
0.08215332
0.07012939
0.08215332
0.1182556
0.1402893
0.1222534
0.1182556
0.1322632
0.1322632
0.1102295
0.08618164
0.08215332
0.08215332
0.06311035
0.03155518
0.0007324219
-0.007751465
0.004241943
-0.003753662
-0.04708862
-0.06311035
-0.04910278
-0.0390625
-0.0390625
-0.05310059
-0.05310059
-0.0390625
-0.01953125
-0.01077271
-0.005737305
0.01275635
0.03305054
0.0390625
0.04910278
0.06613159
0.08618164
0.09420776
0.09420776
0.09420776
0.09420776
0.1062317
0.1062317
0.09017944
0.08215332
0.07415771
0.07415771
0.06613159
0.05108643
0.0390625
0.0390625
0.07012939
0.08215332
0.05511475
0.04309082
0.06311035
0.07815552
0.09420776
0.08215332
0.06613159
0.07415771
0.08215332
0.09420776
0.07415771
0.06613159
0.06613159
0.06112671
0.04910278
0.03305054
0.02954102
0.01651001
-0.002227783
-0.02755737
-0.04107666
-0.04507446
-0.06613159
-0.09017944
-0.1182556
-0.1322632
-0.1402893
-0.1563416
-0.1964111
-0.2365112
-0.2645569
-0.2645569
-0.2645569
-0.2806091
-0.2966309
-0.2445374
-0.1723633
-0.1964111
-0.220459
-0.1563416
-0.07415771
-0.03305054
-0.01651001
-0.01425171
0.01226807
0.07815552
0.1222534
0.1182556
0.1022034
0.1222534
0.1483154
0.1402893
0.1182556
0.1102295
0.1062317
0.09017944
0.06613159
0.0390625
0.0305481
0.02154541
-0.001251221
-0.02954102
-0.04910278
-0.04309082
-0.0305481
-0.04309082
-0.07012939
-0.06112671
-0.0350647
-0.01651001
-0.01477051
-0.01651001
-0.003234863
0.02154541
0.04107666
0.04910278
0.05709839
0.07012939
0.08215332
0.08618164
0.08618164
0.09420776
0.09820557
0.09420776
0.08618164
0.06613159
0.06613159
0.07012939
0.05310059
0.03305054
0.01651001
0.006744385
0.006256104
0.002227783
-0.009765625
-0.01852417
-0.02252197
0.02053833
0.06112671
0.05108643
0.03707886
0.06112671
0.1022034
0.1222534
0.1322632
0.1222534
0.1182556
0.1322632
0.1402893
0.1322632
0.1062317
0.09820557
0.09017944
0.06613159
0.03707886
0.02954102
0.01327515
-0.01327515
-0.04507446
-0.07012939
-0.07415771
-0.08618164
-0.1102295
-0.1402893
-0.1643372
-0.1643372
-0.1643372
-0.1884155
-0.2124634
-0.2365112
-0.2445374
-0.252533
-0.252533
-0.252533
-0.252533
-0.2124634
-0.1322632
-0.1102295
-0.1402893
-0.1102295
-0.02554321
0.02252197
0.04507446
0.05108643
0.05310059
0.08215332
0.1262512
0.1322632
0.1062317
0.09820557
0.1102295
0.1062317
0.07415771
0.05310059
0.05108643
0.03707886
0.01376343
-0.01126099
-0.02554321
-0.02352905
-0.02352905
-0.04107666
-0.05310059
-0.05511475
-0.03305054
-0.01226807
-0.02252197
-0.02154541
0.0007324219
0.02755737
0.0390625
0.04309082
0.05108643
0.05911255
0.07415771
0.08215332
0.07415771
0.07815552
0.08215332
0.07815552
0.06311035
0.05511475
0.05310059
0.04910278
0.0390625
0.02053833
0.0002441406
0.007263184
0.01025391
-0.006256104
-0.01751709
-0.02053833
-0.01751709
-0.009765625
-0.006744385
-0.008239746
-0.005737305
0.02655029
0.06311035
0.07815552
0.09820557
0.1182556
0.1262512
0.1322632
0.1563416
0.1563416
0.1563416
0.1402893
0.1262512
0.1062317
0.09420776
0.08215332
0.05911255
0.02954102
-0.0007324219
-0.01852417
-0.03155518
-0.04708862
-0.06613159
-0.08618164
-0.09420776
-0.1022034
-0.1022034
-0.1062317
-0.1182556
-0.1262512
-0.1222534
-0.1262512
-0.1322632
-0.1402893
-0.1643372
-0.1803894
-0.1884155
-0.1884155
-0.1803894
-0.1884155
-0.1964111
-0.1483154
-0.07815552
-0.07415771
-0.1022034
-0.07012939
-0.01174927
0.02554321
0.04708862
0.04309082
0.0390625
0.06311035
0.09420776
0.09017944
0.07012939
0.06613159
0.07012939
0.05709839
0.0305481
0.02252197
0.02252197
0.01226807
-0.002746582
-0.02154541
-0.02954102
-0.02252197
-0.01477051
-0.01651001
-0.02853394
-0.02954102
-0.001739502
0.01327515
0.008239746
0.01651001
0.0305481
0.04309082
0.04910278
0.05709839
0.05310059
0.05511475
0.06311035
0.06311035
0.05310059
0.04910278
0.05108643
0.04309082
0.03305054
0.02655029
0.02252197
0.01852417
0.01525879
0.006744385
-0.001739502
-0.002227783
-0.0007324219
0.002227783
0.0002441406
-0.004241943
-0.004241943
0.004730225
0.01376343
0.01651001
0.01852417
0.0390625
0.07815552
0.1062317
0.1142273
0.1102295
0.1142273
0.1322632
0.1563416
0.1563416
0.1322632
0.1142273
0.1022034
0.09820557
0.07815552
0.05709839
0.03707886
0.01852417
-0.005737305
-0.02655029
-0.04107666
-0.04708862
-0.05108643
-0.06613159
-0.08215332
-0.09017944
-0.08215332
-0.07415771
-0.08618164
-0.09820557
-0.1022034
-0.1022034
-0.1062317
-0.1182556
-0.1402893
-0.1563416
-0.1723633
-0.1803894
-0.1803894
-0.1884155
-0.1964111
-0.1483154
-0.07815552
-0.07815552
-0.1022034
-0.07415771
-0.01577759
0.02352905
0.04910278
0.04708862
0.0390625
0.06112671
0.08618164
0.07815552
0.06112671
0.06613159
0.06311035
0.04107666
0.01025391
0.0002441406
0.004241943
0.003234863
-0.01376343
-0.03707886
-0.04708862
-0.03707886
-0.02453613
-0.02154541
-0.02453613
-0.02252197
-0.003753662
0.01126099
0.01525879
0.02755737
0.04507446
0.05709839
0.05709839
0.05511475
0.05511475
0.06311035
0.06613159
0.05911255
0.04507446
0.0390625
0.0390625
0.03305054
0.01953125
0.008239746
0.005737305
0.003753662
-0.0002441406
-0.008239746
-0.01425171
-0.008239746
-0.0002441406
-0.002227783
-0.001251221
0.002227783
0.007263184
0.01751709
0.02252197
0.02554321
0.03155518
0.04507446
0.04507446
0.06112671
0.1062317
0.1222534
0.1062317
0.1062317
0.1262512
0.1322632
0.1322632
0.1322632
0.1102295
0.09017944
0.08215332
0.07012939
0.04507446
0.03305054
0.02554321
0.004241943
-0.02154541
-0.03305054
-0.03305054
-0.0390625
-0.04309082
-0.05709839
-0.06613159
-0.06613159
-0.06311035
-0.06311035
-0.07415771
-0.08215332
-0.08215332
-0.09017944
-0.1062317
-0.1262512
-0.1322632
-0.1483154
-0.1723633
-0.1884155
-0.1964111
-0.1884155
-0.1723633
-0.1142273
-0.08215332
-0.09420776
-0.09017944
-0.04309082
-0.001739502
0.03707886
0.05911255
0.05511475
0.05108643
0.06311035
0.07415771
0.07012939
0.06311035
0.05709839
0.0390625
0.009246826
-0.01077271
-0.01376343
-0.01226807
-0.01577759
-0.03305054
-0.05108643
-0.05108643
-0.03707886
-0.02554321
-0.01425171
-0.01126099
-0.006256104
0.01477051
0.02853394
0.03707886
0.05310059
0.06613159
0.07012939
0.07012939
0.06613159
0.06613159
0.06311035
0.06112671
0.05108643
0.03707886
0.02655029
0.01577759
0.006256104
0.0002441406
-0.006744385
-0.01025391
-0.01751709
-0.02154541
-0.02154541
-0.01651001
-0.007263184
-0.0007324219
0.003753662
0.007263184
0.01577759
0.02853394
0.03707886
0.04107666
0.04507446
0.04708862
0.05108643
0.05108643
0.04910278
0.06613159
0.09420776
0.1062317
0.08618164
0.07415771
0.09017944
0.1102295
0.1102295
0.09017944
0.07415771
0.06311035
0.06613159
0.05911255
0.0390625
0.02954102
0.02655029
0.01852417
-0.001251221
-0.01525879
-0.01852417
-0.01226807
-0.01651001
-0.03305054
-0.04708862
-0.05108643
-0.04507446
-0.04708862
-0.05108643
-0.06613159
-0.07415771
-0.07815552
-0.09017944
-0.1062317
-0.1182556
-0.1262512
-0.1483154
-0.1884155
-0.220459
-0.2284851
-0.2044373
-0.1483154
-0.1062317
-0.09420776
-0.1022034
-0.08618164
-0.0350647
0.02352905
0.05911255
0.07012939
0.06613159
0.06311035
0.06613159
0.07815552
0.07815552
0.07012939
0.05511475
0.02554321
-0.009246826
-0.02954102
-0.02755737
-0.02154541
-0.02853394
-0.04910278
-0.06613159
-0.06613159
-0.04708862
-0.01953125
-0.003234863
0.004730225
0.008239746
0.01953125
0.0390625
0.05911255
0.07815552
0.09017944
0.09017944
0.07815552
0.07012939
0.06613159
0.06613159
0.06112671
0.04507446
0.01852417
-0.0007324219
-0.009765625
-0.01525879
-0.01852417
-0.02453613
-0.0305481
-0.0350647
-0.03155518
-0.02252197
-0.01327515
0.002746582
0.01651001
0.02352905
0.02954102
0.0350647
0.04708862
0.06112671
0.06613159
0.06311035
0.05709839
0.05108643
0.05310059
0.05310059
0.06112671
0.08215332
0.08215332
0.05911255
0.04708862
0.05911255
0.07415771
0.08215332
0.07012939
0.05108643
0.04107666
0.04309082
0.04708862
0.04107666
0.03707886
0.0350647
0.02755737
0.01376343
0.004730225
0.005737305
0.01126099
0.01126099
-0.004730225
-0.02453613
-0.0350647
-0.04107666
-0.04309082
-0.04910278
-0.05911255
-0.07415771
-0.09017944
-0.1022034
-0.1142273
-0.1182556
-0.1262512
-0.1402893
-0.1643372
-0.1884155
-0.2124634
-0.2284851
-0.1884155
-0.1022034
-0.04910278
-0.05911255
-0.07415771
-0.05108643
0.01174927
0.07415771
0.1022034
0.09017944
0.07415771
0.07012939
0.06311035
0.05310059
0.04910278
0.05108643
0.03305054
-0.01327515
-0.06112671
-0.07815552
-0.05911255
-0.0350647
-0.03707886
-0.05911255
-0.07012939
-0.06112671
-0.02853394
0.003753662
0.02453613
0.0390625
0.05108643
0.05310059
0.05709839
0.07815552
0.1022034
0.1142273
0.1022034
0.07012939
0.04708862
0.0390625
0.0390625
0.03155518
0.01077271
-0.01425171
-0.03155518
-0.04309082
-0.04309082
-0.0390625
-0.02954102
-0.02252197
-0.02252197
-0.02053833
-0.006744385
0.01425171
0.0350647
0.05108643
0.05108643
0.05108643
0.05709839
0.06613159
0.07012939
0.06311035
0.05310059
0.04507446
0.03707886
0.02853394
0.01425171
0.01327515
0.0350647
0.04910278
0.0350647
0.02252197
0.02853394
0.04507446
0.06311035
0.07012939
0.06112671
0.05511475
0.05911255
0.06112671
0.05709839
0.05108643
0.04910278
0.04507446
0.02853394
0.009765625
-0.0007324219
-0.0002441406
0.003753662
-0.004241943
-0.01852417
-0.03305054
-0.0350647
-0.0305481
-0.02954102
-0.0390625
-0.04708862
-0.05310059
-0.06613159
-0.07815552
-0.08215332
-0.08618164
-0.09820557
-0.1142273
-0.1322632
-0.1563416
-0.1803894
-0.1884155
-0.2044373
-0.1884155
-0.1022034
-0.0390625
-0.05310059
-0.07012939
-0.03707886
0.01077271
0.06311035
0.09820557
0.08618164
0.06613159
0.06613159
0.06112671
0.03707886
0.02352905
0.03305054
0.02755737
-0.01651001
-0.06311035
-0.08215332
-0.07415771
-0.04107666
-0.02655029
-0.04107666
-0.05310059
-0.04507446
-0.01425171
0.02154541
0.04507446
0.05709839
0.07012939
0.07415771
0.06613159
0.07415771
0.09017944
0.1022034
0.09017944
0.06112671
0.02853394
0.008758545
0.01025391
0.01126099
-0.007263184
-0.02853394
-0.0390625
-0.04309082
-0.04507446
-0.03707886
-0.02053833
-0.009765625
-0.0007324219
0.008758545
0.01651001
0.02755737
0.04507446
0.06112671
0.07012939
0.06613159
0.05911255
0.05511475
0.05108643
0.04910278
0.04107666
0.03155518
0.01953125
0.007751465
-0.005737305
0.001251221
0.02554321
0.03707886
0.03305054
0.03305054
0.0350647
0.04507446
0.06311035
0.07415771
0.07415771
0.07012939
0.07012939
0.05709839
0.04910278
0.05108643
0.05108643
0.04507446
0.02954102
0.009765625
-0.002227783
-0.001739502
0.003753662
0.0002441406
-0.006744385
-0.01425171
-0.02053833
-0.02252197
-0.02352905
-0.02352905
-0.02755737
-0.0390625
-0.05310059
-0.06613159
-0.07815552
-0.08618164
-0.09820557
-0.1102295
-0.1262512
-0.1483154
-0.1563416
-0.1643372
-0.1803894
-0.1964111
-0.1964111
-0.1182556
-0.02853394
-0.01953125
-0.04309082
-0.02954102
0.005737305
0.05108643
0.09420776
0.09420776
0.07415771
0.06311035
0.05310059
0.02352905
-0.0002441406
0.007751465
0.01651001
-0.01077271
-0.05709839
-0.09017944
-0.09420776
-0.05511475
-0.02053833
-0.02252197
-0.03305054
-0.0350647
-0.01425171
0.01751709
0.04507446
0.06613159
0.07815552
0.08215332
0.07012939
0.06112671
0.06613159
0.08215332
0.08215332
0.06311035
0.02755737
-0.002227783
-0.009246826
-0.005249023
-0.007751465
-0.01852417
-0.02655029
-0.0350647
-0.03707886
-0.0305481
-0.01425171
0.0007324219
0.01525879
0.02954102
0.02954102
0.0305481
0.04309082
0.05709839
0.06311035
0.06613159
0.05511475
0.04107666
0.03305054
0.03305054
0.02755737
0.01651001
0.01126099
-0.0002441406
-0.01126099
-0.01852417
-0.009246826
0.01327515
0.03707886
0.04708862
0.0390625
0.0390625
0.05511475
0.07815552
0.09017944
0.09420776
0.08618164
0.07415771
0.07012939
0.06311035
0.05310059
0.05108643
0.04708862
0.03305054
0.01077271
-0.006256104
-0.007751465
-0.0007324219
0.002227783
-0.003753662
-0.01953125
-0.02755737
-0.02252197
-0.01953125
-0.02154541
-0.02655029
-0.03155518
-0.04309082
-0.05911255
-0.07012939
-0.07415771
-0.07415771
-0.07815552
-0.09820557
-0.1182556
-0.1322632
-0.1402893
-0.1483154
-0.1563416
-0.1643372
-0.1803894
-0.1402893
-0.06112671
-0.0305481
-0.03707886
-0.03305054
-0.01126099
0.01852417
0.05911255
0.07012939
0.06112671
0.05310059
0.04708862
0.02252197
-0.004241943
-0.008239746
0.006256104
0.003234863
-0.02954102
-0.06112671
-0.07415771
-0.06112671
-0.02954102
-0.01651001
-0.01327515
-0.01275635
-0.003753662
0.01577759
0.03155518
0.05108643
0.07415771
0.08215332
0.07415771
0.06613159
0.05911255
0.06112671
0.07012939
0.06311035
0.0390625
0.01226807
-0.003753662
-0.01327515
-0.01651001
-0.01953125
-0.01953125
-0.02252197
-0.02453613
-0.02154541
-0.01751709
-0.004730225
0.01425171
0.02853394
0.03305054
0.03707886
0.04107666
0.04507446
0.05310059
0.05709839
0.05511475
0.04708862
0.0390625
0.03305054
0.02352905
0.01275635
0.009246826
0.007263184
-0.0007324219
-0.005249023
-0.01226807
-0.01025391
0.01126099
0.03305054
0.04507446
0.04708862
0.05310059
0.06112671
0.07012939
0.07815552
0.08618164
0.08215332
0.07415771
0.06311035
0.04708862
0.0390625
0.0350647
0.03155518
0.01953125
0.004730225
-0.007263184
-0.01376343
-0.01525879
-0.01126099
-0.005249023
-0.003753662
-0.007751465
-0.01077271
-0.01425171
-0.01327515
-0.008239746
-0.007751465
-0.01376343
-0.02554321
-0.03707886
-0.04507446
-0.05310059
-0.05911255
-0.06613159
-0.08215332
-0.09820557
-0.1102295
-0.1182556
-0.1262512
-0.1402893
-0.1402893
-0.1483154
-0.1563416
-0.1483154
-0.1262512
-0.08215332
-0.04309082
-0.02853394
-0.02554321
-0.01077271
0.01174927
0.0390625
0.06112671
0.06613159
0.05709839
0.04309082
0.02853394
0.01126099
0.001251221
0.001251221
-0.001251221
-0.01852417
-0.04107666
-0.05511475
-0.05511475
-0.0350647
-0.01477051
-0.004241943
-0.003753662
0.001739502
0.01525879
0.03305054
0.05310059
0.06613159
0.07415771
0.07415771
0.06613159
0.05911255
0.05709839
0.05511475
0.05108643
0.03707886
0.01751709
0.0007324219
-0.009246826
-0.01126099
-0.01275635
-0.01477051
-0.01651001
-0.01651001
-0.01477051
-0.009765625
0.002227783
0.01425171
0.02352905
0.03305054
0.0390625
0.0390625
0.04309082
0.05108643
0.05108643
0.04910278
0.04309082
0.03707886
0.02755737
0.02053833
0.01751709
0.009765625
0.003234863
-0.0002441406
-0.002227783
0.003753662
0.01751709
0.02954102
0.03707886
0.04309082
0.04708862
0.05511475
0.06613159
0.07012939
0.07415771
0.07012939
0.06311035
0.05310059
0.04507446
0.03707886
0.03155518
0.02554321
0.01852417
0.005249023
-0.007263184
-0.009246826
-0.006256104
-0.004241943
-0.003753662
-0.004730225
-0.008239746
-0.01025391
-0.009246826
-0.008239746
-0.008758545
-0.008758545
-0.01174927
-0.02252197
-0.0350647
-0.04309082
-0.04910278
-0.05511475
-0.06613159
-0.08215332
-0.09420776
-0.09820557
-0.1022034
-0.1142273
-0.1222534
-0.1322632
-0.1322632
-0.1262512
-0.1222534
-0.1102295
-0.08215332
-0.04309082
-0.02154541
-0.01577759
-0.005249023
0.01174927
0.02853394
0.04309082
0.05108643
0.04309082
0.0350647
0.02554321
0.009765625
-0.003234863
-0.009765625
-0.01174927
-0.01651001
-0.02655029
-0.0390625
-0.04309082
-0.03305054
-0.01953125
-0.005249023
0.004241943
0.007751465
0.01525879
0.02755737
0.03707886
0.04708862
0.05310059
0.05709839
0.05709839
0.04910278
0.04309082
0.0350647
0.03155518
0.02954102
0.02053833
0.006744385
-0.005249023
-0.01174927
-0.01327515
-0.01275635
-0.01376343
-0.01126099
-0.006744385
-0.005249023
-0.004241943
0.002227783
0.01327515
0.02453613
0.03155518
0.03305054
0.03155518
0.03155518
0.0350647
0.03707886
0.0350647
0.03305054
0.02655029
0.02053833
0.01275635
0.005737305
0.004730225
0.006256104
0.005249023
0.002227783
0.004241943
0.01174927
0.02655029
0.03707886
0.0390625
0.04107666
0.04708862
0.05310059
0.05911255
0.05709839
0.05511475
0.05108643
0.04708862
0.0390625
0.0305481
0.02352905
0.02252197
0.02053833
0.01425171
0.005737305
0.001251221
0.001739502
0.004730225
0.006256104
0.004241943
0.002227783
0.001251221
0.002227783
-0.003753662
-0.009246826
-0.01025391
-0.01025391
-0.01275635
-0.02252197
-0.0350647
-0.04309082
-0.04107666
-0.04107666
-0.04910278
-0.05709839
-0.06112671
-0.06613159
-0.07012939
-0.07415771
-0.08215332
-0.08215332
-0.08215332
-0.08215332
-0.08618164
-0.08618164
-0.07012939
-0.05709839
-0.04309082
-0.03305054
-0.02453613
-0.01376343
-0.002227783
0.003234863
0.005737305
0.01174927
0.01525879
0.01077271
0.003234863
-0.005249023
-0.008239746
-0.007751465
-0.007751465
-0.01275635
-0.01953125
-0.01953125
-0.01477051
-0.01226807
-0.008758545
-0.003753662
0.002746582
0.009765625
0.01577759
0.01751709
0.02053833
0.02853394
0.0350647
0.0350647
0.03305054
0.02755737
0.02554321
0.02655029
0.02352905
0.01651001
0.01174927
0.007751465
0.003753662
0.0002441406
-0.002746582
-0.003753662
-0.003234863
-0.0007324219
0.0007324219
-0.001739502
0.001251221
0.01077271
0.01577759
0.01852417
0.02053833
0.02053833
0.02554321
0.0305481
0.0305481
0.02853394
0.02554321
0.02352905
0.02453613
0.02154541
0.01525879
0.01376343
0.01275635
0.008758545
0.005737305
0.006256104
0.008758545
0.008239746
0.006744385
0.008239746
0.007751465
0.009246826
0.01477051
0.01751709
0.02154541
0.02655029
0.0305481
0.03305054
0.0350647
0.03707886
0.04107666
0.04309082
0.04107666
0.0390625
0.0350647
0.03155518
0.02853394
0.02554321
0.02154541
0.01751709
0.01376343
0.01077271
0.006744385
0.003753662
0.003234863
0.004241943
0.007263184
0.01025391
0.009246826
0.007263184
0.007751465
0.009765625
0.009765625
0.006744385
0.003753662
-0.0007324219
-0.004241943
-0.007263184
-0.01327515
-0.01852417
-0.02352905
-0.02947998
-0.03686523
-0.04470825
-0.05050659
-0.050354
-0.05020142
-0.0539856
-0.0597229
-0.06439209
-0.0612793
-0.06109619
-0.06381226
-0.06362915
-0.06344604
-0.06323242
-0.06304932
-0.06286621
-0.05410767
-0.04638672
-0.03677368
-0.03103638
-0.02764893
-0.02478027
-0.01724243
-0.01000977
-0.00579834
-0.004364014
-0.005767822
-0.007568359
-0.008453369
-0.009338379
-0.01205444
-0.01287842
-0.01150513
-0.01235962
-0.01657104
-0.01922607
-0.01647949
-0.01043701
-0.005523682
-0.003753662
-0.003295898
-0.0006408691
0.004547119
0.01193237
0.01687622
0.01855469
0.02105713
0.02185059
0.02008057
0.01913452
0.01824951
0.01901245
0.01895142
0.01553345
0.01065063
0.006439209
0.00390625
0.004333496
0.006378174
0.007995605
0.008789063
0.008331299
0.008331299
0.01031494
0.01330566
0.01809692
0.02206421
0.02355957
0.02624512
0.02615356
0.02487183
0.02597046
0.02587891
0.02578735
0.02566528
0.02441406
0.02047729
0.01654053
0.01416016
0.01333618
0.01254272
0.01116943
0.009613037
0.00881958
0.006896973
0.007629395
0.00869751
0.01089478
0.01361084
0.01358032
0.01351929
0.0149231
0.01339722
0.01263428
0.01403809
0.01397705
0.01318359
0.01080322
0.007598877
0.005432129
0.004364014
0.003662109
0.002593994
0.001190186
-0.0005187988
-0.002227783
-0.004302979
-0.004943848
-0.003234863
-0.002563477
0.0008239746
0.004180908
0.007171631
0.009765625
0.0100708
0.01083374
0.01275635
0.01596069
0.01654053
0.01647949
0.0151062
0.01248169
0.01049805
0.009338379
0.007385254
0.005157471
0.003265381
0.002319336
0.001068115
-0.001708984
-0.002929688
-0.003845215
-0.004119873
-0.003173828
-0.002868652
-0.003448486
-0.004333496
-0.004608154
-0.004882813
-0.006622314
-0.007781982
-0.009613037
-0.01013184
-0.01184082
-0.01348877
-0.01571655
-0.01986694
-0.02090454
-0.02191162
-0.0229187
-0.02502441
-0.02819824
-0.03027344
-0.03009033
-0.03100586
-0.0319519
-0.03283691
-0.03265381
-0.03143311
-0.02914429
-0.02792358
-0.02566528
-0.0223999
-0.01708984
-0.01364136
-0.01101685
-0.009429932
-0.006469727
-0.00390625
-0.00189209
-0.001373291
-0.001861572
-0.001098633
-0.001098633
-0.002075195
-0.002532959
-0.003234863
-0.004425049
-0.004638672
-0.004364014
-0.004577637
-0.003845215
0
0
0
0
0
0
0
0
0
0
0
0
0
0
0
0
0
0
0
0
0
0
0
0
0
0
0
0
0
0
0
0
0
0
0
0
0
0
0
0
0
0
0
0
0
0
0
0
0
0
0
0
0
0
0
0
0
0
0
0
0
0
0
0
0
0
0
0
0
0
0
0
0
0
0
0
0
0
0
0
0
0
0
0
0
0
0
0
0
0
0
0
0
0
0
0
0
0
0
0
0
0
0
0
0
0
0
0
0
0
0
0
0
0
0
0
0
0
0
0
0
0
0
0
0
0
0
0
0
0
0
0
0
0
0
0
0
0
0
0
0
0
0
0
0
0
0
0
0
0
0
0
0
0
0
0
0
0
0
0
0
0
0
0
0
0
0
0
0
0
0
0
0
0
0
0
0
0
0
0
0
0
0
0
0
0
0
0
0
0
0
0
0
0
0
0
0
0
0
0
0
0
0
0
0
0
0
0
0
0
0
0
0
0
0
0
0
0
0
0
0
0
0
0
0
0
0
0
0
0
0
0
0
0
0
0
0
0
0
0
0
0
0
0
0
0
0
0
0
0
0
0
0
0
0
0
0
0
0
0
0
0
0
0
0
0
0
0
0
0
0
0
0
0
0
0
0
0
0
0
0
0
0
0
0
0
0
0
0
0
0
0
0
0
0
0
0
0
0
0
0
0
0
0
0
0
0
0
0
0
0
0
0
0
0
0
0
0
0
0
0
0
0
0
0
0
0
0
0
0
0
0
0
0
0
0
0
0
0
0
0
0
0
0
0
0
0
0
0
0
0
0
0
0
0
0
0
0
0
0
0
0
0
0
0
0
0
0
0
0
0
0
0
0
0
0
0
0
0
0
0
0
0
0
0
0
0
0
0
0
0
0
0
0
0
0
0
0
0
0
0
0
0
0
0
0
0
0
0
0
0
0
0
0
0
0
0
0
0
0
0
0
0
0
0
0
0
0
0
0
0
0
0
0
0
0
0
0
0
0
0
0
0
0
0
0
0
0
0
0
0
0
0
0
0
0
0
0
0
0
0
0
0
0
0
0
0
0
0
0
0
0
0
0
0
0
0
0
0
0
0
0
0
0
0
0
0
0
0
0
0
0
0
0
0
0
0
0
0
0
0
0
0
0
0
0
0
0
0
0
0
0
0
0
0
0
0
0
0
0
0
0
0
0
0
0
0
0
0
0
0
0
0
0
0
0
0
0
0
0
0
0
0
0
0
0
0
0
0
0
0
0
0
0
0
0
0
0
0
0
0
0
0
0
0
0
0
0
0
0
0
0
0
0
0
0
0
0
0
0
0
0
0
0
0
0
0
0
0
0
0
0
0
0
0
0
0
0
0
0
0
0
0
0
0
0
0
0
0
0
0
0
0
0
0
0
0
0
0
0
0
0
0
0
0
0
0
0
0
0
0
0
0
0
0
0
0
0
0
0
0
0
0
0
0
0
0
0
0
0
0
0
0
0
0
0
0
0
0
0
0
0
0
0
0
0
0
0
0
0
0
0
0
0
0
0
0
0
0
0
0
0
0
0
0
0
0
0
0
0
0
0
0
0
0
0
0
0
0
0
0
0
0
0
0
0
0
0
0
0
0
0
0
0
0
0
0
0
0
0
0
0
0
0
0
0
0
0
0
0
0
0
0
0
0
0
0
0
0
0
0
0
0
0
0
0
0
0
0
0
0
0
0
0
0
0
0
0
0
0
0
0
0
0
0
0
0
0
0
0
0
0
0
0
0
0
0
0
0
0
0
0
0
0
0
0
0
0
0
0
0
0
0
0
0
0
0
0
0
0
0
0
0
0
0
0
0
0
0
0
0
0
0
0
0
0
0
0
0
0
0
0
0
0
0
0
0
0
0
0
0
0
0
0
0
0
0
0
0
0
0
0
0
0
0
0
0
0
0
0
0
0
0
0
0
0
0
0
0
0
0
0
0
0
0
0
0
0
0
0
0
0
0
0
0
0
0
0
0
0
0
0
0
0
0
0
0
0
0
0
0
0
0
0
0
0
0
0
0
0
0
0
0
0
0
0
0
0
0
0
0
0
0
0
0
0
0
0
0
0
0
0
0
0
0
0
0
0
0
0
0
0
0
0
0
0
0
0
0
0
0
0
0
0
0
0
0
0
0
0
0
0
0
0
0
0
0
0
0
0
0
0
0
0
0
0
0
0
0
0
0
0
0
0
0
0
0
0
0
0
0
0
0
0
0
0
0
0
0
0
0
0
0
0
0
0
0
0
0
0
0
0
0
0
0
0
0
0
0
0
0
0
0
0
0
0
0
0
0
0
0
0
0
0
0
0
0
0
0
0
0
0
0
0
0
0
0
0
0
0
0
0
0
0
0
0
0
0
0
0
0
0
0
0
0
0
0
0
0
0
0
0
0
0
0
0
0
0
0
0
0
0
0
0
0
0
0
0
0
0
0
0
0
0
0
0
0
0
0
0
0
0
0
0
0
0
0
0
0
0
0
0
0
0
0
0
0
0
0
0
0
0
0
0
0
0
0
0
0
0
0
0
0
0
0
0
0
0
0
0
0
0
0
0
0
0
0
0
0
0
0
0
0
0
0
0
0
0
0
0
0
0
0
0
0
0
0
0
0
0
0
0
0
0
0
0
0
0
0
0
0
0
0
0
0
0
0
0
0
0
0
0
0
0
0
0
0
0
0
0
0
0
0
0
0
0
0
0
0
0
0
0
0
0
0
0
0
0
0
0
0
0
0
0
0
0
0
0
0
0
0
0
0
0
0
0
0
0
0
0
0
0
0
0
0
0
0
0
0
0
0
0
0
0
0
0
0
0
0
0
0
0
0
0
0
0
0
0
0
0
0
0
0
0
0
0
0
0
0
0
0
0
0
0
0
0
0
0
0
0
0
0
0
0
0
0
0
0
0
0
0
0
0
0
0
0
0
0
0
0
0
0
0
0
0
0
0
0
0
0
0
0
0
0
0
0
0
0
0
0
0
0
0
0
0
0
0
0
0
0
0
0
0
0
0
0
0
0
0
0
0
0
0
0
0
0
0
0
0
0
0
0
0
0
0
0
0
0
0
0
0
0
0
0
0
0
0
0
0
0
0
0
0
0
0
0
0
0
0
0
0
0
0
0
0
0
0
0
0
0
0
0
0
0
0
0
0
0
0
0
0
0
0
0
0
0
0
0
0
0
0
0
0
0
0
0
0
0
0
0
0
0
0
0
0
0
0
0
0
0
0
0
0
0
0
0
0
0
0
0
0
0
0
0
0
0
0
0
0
0
0
0
0
0
0
0
0
0
0
0
0
0
0
0
0
0
0
0
0
0
0
0
0
0
0
0
0
0
0
0
0
0
0
0
0
0
0
0
0
0
0
0
0
0
0
0
0
0
0
0
0
0
0
0
0
0
0
0
0
0
0
0
0
0
0
0
0
0
0
0
0
0
0
0
0
0
0
0
0
0
0
0
0
0
0
0
0
0
0
0
0
0
0
0
0
0
0
0
0
0
0
0
0
0
0
0
0
0
0
0
0
0
0
0
0
0
0
0
0
0
0
0
0
0
0
0
0
0
0
0
0
0
0
0
0
0
0
0
0
0
0
0
0
0
0
0
0
0
0
0
0
0
0
0
0
0
0
0
0
0
0
0
0
0
0
0
0
0
0
0
0
0
0
0
0
0
0
0
0
0
0
0
0
0
0
0
0
0
0
0
0
0
0
0
0
0
0
0
0
0
0
0
0
0
0
0
0
0
0
0
0
0
0
0
0
0
0
0
0
0
0
0
0
0
0
0
0
0
0
0
0
0
0
0
0
0
0
0
0
0
0
0
0
0
0
0
0
0
0
0
0
0
0
0
0
0
0
0
0
0
0
0
0
0
0
0
0
0
0
0
0
0
0
0
0
0
0
0
0
0
0
0
0
0
0
0
0
0
0
0
0
0
0
0
0
0
0
0
0
0
0
0
0
0
0
0
0
0
0
0
0
0
0
0
0
0
0
0
0
0
0
0
0
0
0
0
0
0
0
0
0
0
0
0
0
0
0
0
0
0
0
0
0
0
0
0
0
0
0
0
0
0
0
0
0
0
0
0
0
0
0
0
0
0
0
0
0
0
0
0
0
0
0
0
0
0
0
0
0
0
0
0
0
0
0
0
0
0
0
0
0
0
0
0
0
0
0
0
0
0
0
0
0
0
0
0
0
0
0
0
0
0
0
0
0
0
0
0
0
0
0
0
0
0
0
0
0
0
0
0
0
0
0
0
0
0
0
0
0
0
0
0
0
0
0
0
0
0
0
0
0
0
0
0
0
0
0
0
0
0
0
0
0
0
0
0
0
0
0
0
0
0
0
0
0
0
0
0
0
0
0
0
0
0
0
0
0
0
0
0
0
0
0
0
0
0
0
0
0
0
0
0
0
0
0
0
0
0
0
0
0
0
0
0
0
0
0
0
0
0
0
0
0
0
0
0
0
0
0
0
0
0
0
0
0
0
0
0
0
0
0
0
0
0
0
0
0
0
0
0
0
0
0
0
0
0
0
0
0
0
0
0
0
0
0
0
0
0
0
0
0
0
0
0
0
0
0
0
0
0
0
0
0
0
0
0
0
0
0
0
0
0
0
0
0
0
0
0
0
0
0
0
0
0
0
0
0
0
0
0
0
0
0
0
0
0
0
0
0
0
0
0
0
0
0
0
0
0
0
0
0
0
0
0
0
0
0
0
0
0
0
0
0
0
0
0
0
0
0
0
0
0
0
0
0
0
0
0
0
0
0
0
0
0
0
0
0
0
0
0
0
0
0
0
0
0
0
0
0
0
0
0
0
0
0
0
0
0
0
0
0
0
0
0
0
0
0
0
0
0
0
0
0
0
0
0
0
0
0
0
0
0
0
0
0
0
0
0
0
0
0
0
0
0
0
0
0
0
0
0
0
0
0
0
0
0
0
0
0
0
0
0
0
0
0
0
0
0
0
0
0
0
0
0
0
0
0
0
0
0
0
0
0
0
0
0
0
0
0
0
0
0
0
0
0
0
0
0
0
0
0
0
0
0
0
0
0
0
0
0
0
0
0
0
0
0
0
0
0
0
0
0
0
0
0
0
0
0
0
0
0
0
0
0
0
0
0
0
0
0
0
0
0
0
0
0
0
0
0
0
0
0
0
0
0
0
0
0
0
0
0
0
0
0
0
0
0
0
0
0
0
0
0
0
0
0
0
0
0
0
0
0
0
0
0
0
0
0
0
0
0
0
0
0
0
0
0
0
0
0
0
0
0
0
0
0
0
0
0
0
0
0
0
0
0
0
0
0
0
0
0
0
0
0
0
0
0
0
0
0
0
0
0
0
0
0
0
0
0
0
0
0
0
0
0
0
0
0
0
0
0
0
0
0
0
0
0
0
0
0
0
0
0
0
0
0
0
0
0
0
0
0
0
0
0
0
0
0
0
0
0
0
0
0
0
0
0
0
0
0
0
0
0
0
0
0
0
0
0
0
0
0
0
0
0
0
0
0
0
0
0
0
0
0
0
0
0
0
0
0
0
0
0
0
0
0
0
0
0
0
0
0
0
0
0
0
0
0
0
0
0
0
0
0
0
0
0
0
0
0
0
0
0
0
0
0
0
0
0
0
0
0
0
0
0
0
0
0
0
0
0
0
0
0
0
0
0
0
0
0
0
0
0
0
0
0
0
0
0
0
0
0
0
0
0
0
0
0
0
0
0
0
0
0
0
0
0
0
0
0
0
0
0
0
0
0
0
0
0
0
0
0
0
0
0
0
0
0
0
0
0
0
0
0
0
0
0
0
0
0
0
0
0
0
0
0
0
0
0
0
0
0
0
0
0
0
0
0
0
0
0
0
0
0
0
0
0
0
0
0
0
0
0
0
0
0
0
0
0
0
0
0
0
0
0
0
0
0
0
0
0
0
0
0
0
0
0
0
0
0
0
0
0
0
0
0
0
0
0
0
0
0
0
0
0
0
0
0
0
0
0
0
0
0
0
0
0
0
0
0
0
0
0
0
0
0
0
0
0
0
0
0
0
0
0
0
0
0
0
0
0
0
0
0
0
0
0
0
0
0
0
0
0
0
0
0
0
0
0
0
0
0
0
0
0
0
0
0
0
0
0
0
0
0
0
0
0
0
0
0
0
0
0
0
0
0
0
0
0
0
0
0
0
0
0
0
0
0
0
0
0
0
0
0
0
0
0
0
0
0
0
0
0
0
0
0
0
0
0
0
0
0
0
0
0
0
0
0
0
0
0
0
0
0
0
0
0
0
0
0
0
0
0
0
0
0
0
0
0
0
0
0
0
0
0
0
0
0
0
0
0
0
0
0
0
0
0
0
0
0
0
0
0
0
0
0
0
0
0
0
0
0
0
0
0
0
0
0
0
0
0
0
0
0
0
0
0
0
0
0
0
0
0
0
0
0
0
0
0
0
0
0
0
0
0
0
0
0
0
0
0
0
0
0
0
0
0
0
0
0
0
0
0
0
0
0
0
0
0
0
0
0
0
0
0
0
0
0
0
0
0
0
0
0
0
0
0
0
0
0
0
0
0
0
0
0
0
0
0
0
0
0
0
0
0
0
0
0
0
0
0
0
0
0
0
0
0
0
0
0
0
0
0
0
0
0
0
0
0
0
0
0
0
0
0
0
0
0
0
0
0
0
0
0
0
0
0
0
0
0
0
0
0
0
0
0
0
0
0
0
0
0
0
0
0
0
0
0
0
0
0
0
0
0
0
0
0
0
0
0
0
0
0
0
0
0
0
0
0
0
0
0
0
0
0
0
0
0
0
0
0
0
0
0
0
0
0
0
0
0
0
0
0
0
0
0
0
0
0
0
0
0
0
0
0
0
0
0
0
0
0
0
0
0
0
0
0
0
0
0
0
0
0
0
0
0
0
0
0
0
0
0
0
0
0
0
0
0
0
0
0
0
0
0
0
0
0
0
0
0
0
0
0
0
0
0
0
0
0
0
0
0
0
0
0
0
0
0
0
0
0
0
0
0
0
0
0
0
0
0
0
0
0
0
0
0
0
0
0
0
0
0
0
0
0
0
0
0
0
0
0
0
0
0
0
0
0
0
0
0
0
0
0
0
0
0
0
0
0
0
0
0
0
0
0
0
0
0
0
0
0
0
0
0
0
0
0
0
0
0
0
0
0
0
0
0
0
0
0
0
0
0
0
0
0
0
0
0
0
0
0
0
0
0
0
0
0
0
0
0
